(1437532806, 27)
(1437532807, 62)
(1437532808, 56)
(1437532809, 112)
(1437532810, 58)
(1437532811, 58)
(1437532812, 67)
(1437532813, 85)
(1437532814, 160)
(1437532815, 57)
(1437532816, 99)
(1437532817, 96)
(1437532818, 95)
(1437532819, 65)
(1437532820, 130)
(1437532821, 65)
(1437532822, 59)
(1437532823, 62)
(1437532824, 89)
(1437532825, 130)
(1437532826, 128)
(1437532827, 114)
(1437532828, 66)
(1437532829, 91)
(1437532830, 111)
(1437532831, 77)
(1437532832, 52)
(1437532833, 84)
(1437532834, 81)
(1437532835, 69)
(1437532836, 93)
(1437532837, 81)
(1437532838, 84)
(1437532839, 77)
(1437532840, 104)
(1437532841, 123)
(1437532842, 103)
(1437532843, 83)
(1437532844, 65)
(1437532845, 86)
(1437532846, 63)
(1437532847, 68)
(1437532848, 76)
(1437532849, 79)
(1437532850, 64)
(1437532851, 113)
(1437532852, 94)
(1437532853, 91)
(1437532854, 103)
(1437532855, 78)
(1437532856, 144)
(1437532857, 108)
(1437532858, 114)
(1437532859, 82)
(1437532860, 85)
(1437532861, 60)
(1437532862, 74)
(1437532863, 54)
(1437532864, 71)
(1437532865, 74)
(1437532866, 60)
(1437532867, 44)
(1437532868, 53)
(1437532869, 80)
(1437532870, 118)
(1437532871, 68)
(1437532872, 94)
(1437532873, 91)
(1437532874, 70)
(1437532875, 65)
(1437532876, 61)
(1437532877, 84)
(1437532878, 64)
(1437532879, 77)
(1437532880, 100)
(1437532881, 73)
(1437532882, 79)
(1437532883, 76)
(1437532884, 106)
(1437532885, 175)
(1437532886, 182)
(1437532887, 160)
(1437532888, 112)
(1437532889, 141)
(1437532890, 118)
(1437532891, 167)
(1437532892, 143)
(1437532893, 102)
(1437532894, 106)
(1437532895, 142)
(1437532896, 178)
(1437532897, 122)
(1437532898, 88)
(1437532899, 174)
(1437532900, 160)
(1437532901, 178)
(1437532902, 125)
(1437532903, 193)
(1437532904, 167)
(1437532905, 295)
(1437532906, 185)
(1437532907, 107)
(1437532908, 76)
(1437532909, 90)
(1437532910, 110)
(1437532911, 126)
(1437532912, 203)
(1437532913, 102)
(1437532914, 107)
(1437532915, 110)
(1437532916, 170)
(1437532917, 99)
(1437532918, 115)
(1437532919, 78)
(1437532920, 74)
(1437532921, 91)
(1437532922, 82)
(1437532923, 93)
(1437532924, 91)
(1437532925, 86)
(1437532926, 95)
(1437532927, 93)
(1437532928, 116)
(1437532929, 111)
(1437532930, 113)
(1437532931, 157)
(1437532932, 95)
(1437532933, 76)
(1437532934, 95)
(1437532935, 102)
(1437532936, 85)
(1437532937, 124)
(1437532938, 105)
(1437532939, 115)
(1437532940, 109)
(1437532941, 78)
(1437532942, 109)
(1437532943, 181)
(1437532944, 92)
(1437532945, 102)
(1437532946, 75)
(1437532947, 60)
(1437532948, 71)
(1437532949, 99)
(1437532950, 86)
(1437532951, 116)
(1437532952, 98)
(1437532953, 118)
(1437532954, 80)
(1437532955, 74)
(1437532956, 87)
(1437532957, 94)
(1437532958, 127)
(1437532959, 147)
(1437532960, 81)
(1437532961, 82)
(1437532962, 95)
(1437532963, 77)
(1437532964, 68)
(1437532965, 79)
(1437532966, 73)
(1437532967, 71)
(1437532968, 77)
(1437532969, 69)
(1437532970, 99)
(1437532971, 175)
(1437532972, 76)
(1437532973, 74)
(1437532974, 56)
(1437532975, 85)
(1437532976, 49)
(1437532977, 68)
(1437532978, 66)
(1437532979, 64)
(1437532980, 60)
(1437532981, 76)
(1437532982, 75)
(1437532983, 140)
(1437532984, 81)
(1437532985, 61)
(1437532986, 65)
(1437532987, 78)
(1437532988, 75)
(1437532989, 95)
(1437532990, 87)
(1437532991, 80)
(1437532992, 76)
(1437532993, 146)
(1437532994, 80)
(1437532995, 58)
(1437532996, 59)
(1437532997, 69)
(1437532998, 122)
(1437532999, 104)
(1437533000, 54)
(1437533001, 54)
(1437533002, 44)
(1437533003, 55)
(1437533004, 52)
(1437533005, 54)
(1437533006, 69)
(1437533007, 72)
(1437533008, 85)
(1437533009, 58)
(1437533010, 66)
(1437533011, 72)
(1437533012, 93)
(1437533013, 73)
(1437533014, 86)
(1437533015, 59)
(1437533016, 58)
(1437533017, 66)
(1437533018, 70)
(1437533019, 52)
(1437533020, 69)
(1437533021, 66)
(1437533022, 89)
(1437533023, 113)
(1437533024, 73)
(1437533025, 85)
(1437533026, 66)
(1437533027, 57)
(1437533028, 80)
(1437533029, 122)
(1437533030, 101)
(1437533031, 74)
(1437533032, 88)
(1437533033, 67)
(1437533034, 74)
(1437533035, 96)
(1437533036, 95)
(1437533037, 102)
(1437533038, 130)
(1437533039, 108)
(1437533040, 150)
(1437533041, 126)
(1437533042, 112)
(1437533043, 88)
(1437533044, 101)
(1437533045, 102)
(1437533046, 88)
(1437533047, 85)
(1437533048, 105)
(1437533049, 82)
(1437533050, 71)
(1437533051, 60)
(1437533052, 83)
(1437533053, 139)
(1437533054, 99)
(1437533055, 116)
(1437533056, 76)
(1437533057, 59)
(1437533058, 58)
(1437533059, 66)
(1437533060, 55)
(1437533061, 59)
(1437533062, 52)
(1437533063, 88)
(1437533064, 93)
(1437533065, 80)
(1437533066, 109)
(1437533067, 44)
(1437533068, 46)
(1437533069, 81)
(1437533070, 65)
(1437533071, 47)
(1437533072, 71)
(1437533073, 102)
(1437533074, 69)
(1437533075, 81)
(1437533076, 56)
(1437533077, 55)
(1437533078, 80)
(1437533079, 70)
(1437533080, 75)
(1437533081, 59)
(1437533082, 97)
(1437533083, 60)
(1437533084, 60)
(1437533085, 54)
(1437533086, 74)
(1437533087, 150)
(1437533088, 88)
(1437533089, 59)
(1437533090, 50)
(1437533091, 60)
(1437533092, 28)
(1437533093, 64)
(1437533094, 65)
(1437533095, 80)
(1437533096, 127)
(1437533097, 55)
(1437533098, 43)
(1437533099, 63)
(1437533100, 62)
(1437533101, 43)
(1437533102, 41)
(1437533103, 41)
(1437533104, 44)
(1437533105, 50)
(1437533106, 42)
(1437541750, 1)
(1437541804, 2)
(1437541805, 1)
(1437541806, 2)
(1437541807, 139)
(1437541808, 191)
(1437541809, 216)
(1437541810, 170)
(1437541811, 185)
(1437541812, 174)
(1437541813, 171)
(1437541814, 150)
(1437541815, 177)
(1437541816, 190)
(1437541817, 166)
(1437541818, 190)
(1437541819, 150)
(1437541820, 189)
(1437541821, 202)
(1437541822, 149)
(1437541823, 208)
(1437541824, 172)
(1437541825, 200)
(1437541826, 291)
(1437541827, 237)
(1437541828, 196)
(1437541829, 169)
(1437541830, 166)
(1437541831, 222)
(1437541832, 270)
(1437541833, 187)
(1437541834, 182)
(1437541835, 248)
(1437541836, 215)
(1437541837, 171)
(1437541838, 183)
(1437541839, 188)
(1437541840, 228)
(1437541841, 224)
(1437541842, 175)
(1437541843, 207)
(1437541844, 197)
(1437541845, 186)
(1437541846, 151)
(1437541847, 163)
(1437541848, 160)
(1437541849, 184)
(1437541850, 234)
(1437541851, 256)
(1437541852, 213)
(1437541853, 209)
(1437541854, 158)
(1437541855, 123)
(1437541856, 146)
(1437541857, 247)
(1437541858, 179)
(1437541859, 140)
(1437541860, 156)
(1437541861, 203)
(1437541862, 164)
(1437541863, 264)
(1437541864, 188)
(1437541865, 208)
(1437541866, 133)
(1437541867, 126)
(1437541868, 150)
(1437541869, 251)
(1437541870, 215)
(1437541871, 163)
(1437541872, 166)
(1437541873, 203)
(1437541874, 215)
(1437541875, 205)
(1437541876, 244)
(1437541877, 192)
(1437541878, 223)
(1437541879, 185)
(1437541880, 192)
(1437541881, 211)
(1437541882, 194)
(1437541883, 159)
(1437541884, 178)
(1437541885, 165)
(1437541886, 184)
(1437541887, 209)
(1437541888, 205)
(1437541889, 164)
(1437541890, 150)
(1437541891, 188)
(1437541892, 252)
(1437541893, 218)
(1437541894, 167)
(1437541895, 158)
(1437541896, 126)
(1437541897, 181)
(1437541898, 160)
(1437541899, 150)
(1437541900, 150)
(1437541901, 151)
(1437541902, 145)
(1437541903, 208)
(1437541904, 144)
(1437541905, 128)
(1437541906, 238)
(1437541907, 237)
(1437541908, 224)
(1437541909, 132)
(1437541910, 194)
(1437541911, 225)
(1437541912, 393)
(1437541913, 237)
(1437541914, 166)
(1437541915, 220)
(1437541916, 156)
(1437541917, 262)
(1437541918, 235)
(1437541919, 360)
(1437541920, 250)
(1437541921, 130)
(1437541922, 246)
(1437541923, 269)
(1437541924, 289)
(1437541925, 234)
(1437541926, 241)
(1437541927, 267)
(1437541928, 222)
(1437541929, 187)
(1437541930, 244)
(1437541931, 227)
(1437541932, 206)
(1437541933, 236)
(1437541934, 296)
(1437541935, 182)
(1437541936, 163)
(1437541937, 282)
(1437541938, 299)
(1437541939, 183)
(1437541940, 196)
(1437541941, 180)
(1437541942, 197)
(1437541943, 183)
(1437541944, 143)
(1437541945, 187)
(1437541946, 249)
(1437541947, 195)
(1437541948, 173)
(1437541949, 229)
(1437541950, 225)
(1437541951, 196)
(1437541952, 139)
(1437541953, 179)
(1437541954, 196)
(1437541955, 183)
(1437541956, 205)
(1437541957, 210)
(1437541958, 149)
(1437541959, 162)
(1437541960, 155)
(1437541961, 205)
(1437541962, 225)
(1437541963, 246)
(1437541964, 178)
(1437541965, 167)
(1437541966, 168)
(1437541967, 166)
(1437541968, 156)
(1437541969, 128)
(1437541970, 130)
(1437541971, 184)
(1437541972, 209)
(1437541973, 245)
(1437541974, 165)
(1437541975, 230)
(1437541976, 200)
(1437541977, 230)
(1437541978, 227)
(1437541979, 212)
(1437541980, 182)
(1437541981, 193)
(1437541982, 223)
(1437541983, 214)
(1437541984, 199)
(1437541985, 211)
(1437541986, 198)
(1437541987, 179)
(1437541988, 237)
(1437541989, 196)
(1437541990, 231)
(1437541991, 210)
(1437541992, 235)
(1437541993, 299)
(1437541994, 279)
(1437541995, 269)
(1437541996, 198)
(1437541997, 228)
(1437541998, 224)
(1437541999, 194)
(1437542000, 224)
(1437542001, 289)
(1437542002, 345)
(1437542003, 244)
(1437542004, 274)
(1437542005, 309)
(1437542006, 270)
(1437542007, 270)
(1437542008, 305)
(1437542009, 164)
(1437542010, 212)
(1437542011, 243)
(1437542012, 212)
(1437542013, 198)
(1437542014, 207)
(1437542015, 334)
(1437542016, 401)
(1437542017, 234)
(1437542018, 245)
(1437542019, 306)
(1437542020, 360)
(1437542021, 504)
(1437542022, 316)
(1437542023, 229)
(1437542024, 271)
(1437542025, 213)
(1437542026, 203)
(1437542027, 205)
(1437542028, 177)
(1437542029, 176)
(1437542030, 188)
(1437542031, 230)
(1437542032, 217)
(1437542033, 268)
(1437542034, 252)
(1437542035, 217)
(1437542036, 183)
(1437542037, 185)
(1437542038, 201)
(1437542039, 183)
(1437542040, 199)
(1437542041, 224)
(1437542042, 210)
(1437542043, 291)
(1437542044, 196)
(1437542045, 193)
(1437542046, 175)
(1437542047, 157)
(1437542048, 175)
(1437542049, 147)
(1437542050, 208)
(1437542051, 196)
(1437542052, 203)
(1437542053, 237)
(1437542054, 254)
(1437542055, 253)
(1437542056, 249)
(1437542057, 301)
(1437542058, 265)
(1437542059, 253)
(1437542060, 207)
(1437542061, 221)
(1437542062, 192)
(1437542063, 192)
(1437542064, 191)
(1437542065, 194)
(1437542066, 189)
(1437542067, 168)
(1437542068, 183)
(1437542069, 181)
(1437542070, 188)
(1437542071, 192)
(1437542072, 227)
(1437542073, 241)
(1437542074, 160)
(1437542075, 157)
(1437542076, 171)
(1437542077, 203)
(1437542078, 167)
(1437542079, 168)
(1437542080, 135)
(1437542081, 190)
(1437542082, 216)
(1437542083, 210)
(1437542084, 236)
(1437542085, 212)
(1437542086, 222)
(1437542087, 298)
(1437542088, 169)
(1437542089, 210)
(1437542090, 216)
(1437542091, 165)
(1437542092, 173)
(1437542093, 273)
(1437542094, 220)
(1437542095, 225)
(1437542096, 208)
(1437542097, 171)
(1437542098, 180)
(1437542099, 182)
(1437542100, 199)
(1437542101, 164)
(1437542102, 219)
(1437542103, 226)
(1437542104, 243)
(1437542105, 196)
(1437542106, 209)
(1437542107, 77)
(1437548049, 1)
(1437548086, 1)
(1437548087, 2)
(1437548102, 1)
(1437548106, 2)
(1437548107, 149)
(1437548108, 260)
(1437548109, 182)
(1437548110, 205)
(1437548111, 202)
(1437548112, 269)
(1437548113, 330)
(1437548114, 197)
(1437548115, 206)
(1437548116, 284)
(1437548117, 301)
(1437548118, 267)
(1437548119, 261)
(1437548120, 216)
(1437548121, 265)
(1437548122, 353)
(1437548123, 208)
(1437548124, 250)
(1437548125, 206)
(1437548126, 261)
(1437548127, 240)
(1437548128, 206)
(1437548129, 271)
(1437548130, 228)
(1437548131, 217)
(1437548132, 209)
(1437548133, 304)
(1437548134, 208)
(1437548135, 256)
(1437548136, 219)
(1437548137, 199)
(1437548138, 178)
(1437548139, 240)
(1437548140, 239)
(1437548141, 313)
(1437548142, 262)
(1437548143, 246)
(1437548144, 184)
(1437548145, 202)
(1437548146, 210)
(1437548147, 241)
(1437548148, 319)
(1437548149, 349)
(1437548150, 216)
(1437548151, 225)
(1437548152, 239)
(1437548153, 205)
(1437548154, 279)
(1437548155, 209)
(1437548156, 203)
(1437548157, 179)
(1437548158, 172)
(1437548159, 189)
(1437548160, 217)
(1437548161, 198)
(1437548162, 215)
(1437548163, 271)
(1437548164, 233)
(1437548165, 183)
(1437548166, 216)
(1437548167, 162)
(1437548168, 193)
(1437548169, 202)
(1437548170, 210)
(1437548171, 240)
(1437548172, 240)
(1437548173, 311)
(1437548174, 346)
(1437548175, 271)
(1437548176, 207)
(1437548177, 300)
(1437548178, 187)
(1437548179, 193)
(1437548180, 242)
(1437548181, 242)
(1437548182, 240)
(1437548183, 197)
(1437548184, 227)
(1437548185, 200)
(1437548186, 172)
(1437548187, 203)
(1437548188, 270)
(1437548189, 223)
(1437548190, 203)
(1437548191, 208)
(1437548192, 194)
(1437548193, 214)
(1437548194, 213)
(1437548195, 324)
(1437548196, 271)
(1437548197, 248)
(1437548198, 336)
(1437548199, 334)
(1437548200, 203)
(1437548201, 155)
(1437548202, 227)
(1437548203, 210)
(1437548204, 196)
(1437548205, 181)
(1437548206, 168)
(1437548207, 186)
(1437548208, 228)
(1437548209, 196)
(1437548210, 191)
(1437548211, 159)
(1437548212, 183)
(1437548213, 331)
(1437548214, 230)
(1437548215, 220)
(1437548216, 206)
(1437548217, 230)
(1437548218, 211)
(1437548219, 206)
(1437548220, 240)
(1437548221, 217)
(1437548222, 251)
(1437548223, 206)
(1437548224, 222)
(1437548225, 203)
(1437548226, 161)
(1437548227, 183)
(1437548228, 171)
(1437548229, 217)
(1437548230, 184)
(1437548231, 307)
(1437548232, 229)
(1437548233, 191)
(1437548234, 239)
(1437548235, 215)
(1437548236, 277)
(1437548237, 260)
(1437548238, 256)
(1437548239, 231)
(1437548240, 145)
(1437548241, 188)
(1437548242, 245)
(1437548243, 252)
(1437548244, 308)
(1437548245, 282)
(1437548246, 261)
(1437548247, 176)
(1437548248, 245)
(1437548249, 216)
(1437548250, 223)
(1437548251, 249)
(1437548252, 191)
(1437548253, 225)
(1437548254, 231)
(1437548255, 267)
(1437548256, 286)
(1437548257, 292)
(1437548258, 243)
(1437548259, 188)
(1437548260, 150)
(1437548261, 186)
(1437548262, 252)
(1437548263, 256)
(1437548264, 236)
(1437548265, 181)
(1437548266, 227)
(1437548267, 204)
(1437548268, 223)
(1437548269, 167)
(1437548270, 202)
(1437548271, 164)
(1437548272, 161)
(1437548273, 168)
(1437548274, 178)
(1437548275, 273)
(1437548276, 199)
(1437548277, 215)
(1437548278, 246)
(1437548279, 228)
(1437548280, 225)
(1437548281, 205)
(1437548282, 239)
(1437548283, 245)
(1437548284, 169)
(1437548285, 149)
(1437548286, 147)
(1437548287, 248)
(1437548288, 188)
(1437548289, 179)
(1437548290, 213)
(1437548291, 206)
(1437548292, 208)
(1437548293, 257)
(1437548294, 204)
(1437548295, 190)
(1437548296, 277)
(1437548297, 253)
(1437548298, 191)
(1437548299, 215)
(1437548300, 187)
(1437548301, 200)
(1437548302, 200)
(1437548303, 213)
(1437548304, 174)
(1437548305, 232)
(1437548306, 172)
(1437548307, 157)
(1437548308, 199)
(1437548309, 212)
(1437548310, 179)
(1437548311, 200)
(1437548312, 191)
(1437548313, 259)
(1437548314, 206)
(1437548315, 183)
(1437548316, 194)
(1437548317, 174)
(1437548318, 177)
(1437548319, 188)
(1437548320, 184)
(1437548321, 163)
(1437548322, 166)
(1437548323, 178)
(1437548324, 194)
(1437548325, 182)
(1437548326, 173)
(1437548327, 200)
(1437548328, 176)
(1437548329, 141)
(1437548330, 184)
(1437548331, 239)
(1437548332, 171)
(1437548333, 152)
(1437548334, 174)
(1437548335, 167)
(1437548336, 195)
(1437548337, 256)
(1437548338, 307)
(1437548339, 214)
(1437548340, 212)
(1437548341, 250)
(1437548342, 239)
(1437548343, 178)
(1437548344, 195)
(1437548345, 256)
(1437548346, 197)
(1437548347, 163)
(1437548348, 168)
(1437548349, 183)
(1437548350, 200)
(1437548351, 181)
(1437548352, 192)
(1437548353, 220)
(1437548354, 241)
(1437548355, 234)
(1437548356, 174)
(1437548357, 172)
(1437548358, 201)
(1437548359, 170)
(1437548360, 165)
(1437548361, 142)
(1437548362, 174)
(1437548363, 173)
(1437548364, 259)
(1437548365, 242)
(1437548366, 242)
(1437548367, 177)
(1437548368, 168)
(1437548369, 154)
(1437548370, 237)
(1437548371, 218)
(1437548372, 179)
(1437548373, 174)
(1437548374, 168)
(1437548375, 213)
(1437548376, 183)
(1437548377, 183)
(1437548378, 166)
(1437548379, 188)
(1437548380, 185)
(1437548381, 228)
(1437548382, 161)
(1437548383, 230)
(1437548384, 246)
(1437548385, 273)
(1437548386, 203)
(1437548387, 181)
(1437548388, 175)
(1437548389, 187)
(1437548390, 185)
(1437548391, 190)
(1437548392, 192)
(1437548393, 206)
(1437548394, 238)
(1437548395, 254)
(1437548396, 220)
(1437548397, 165)
(1437548398, 171)
(1437548399, 246)
(1437548400, 178)
(1437548401, 165)
(1437548402, 174)
(1437548403, 175)
(1437548404, 154)
(1437548405, 191)
(1437548406, 200)
(1437548407, 45)
(1437555623, 1)
(1437555627, 5)
(1437555628, 372)
(1437555629, 454)
(1437555630, 381)
(1437555631, 378)
(1437555632, 300)
(1437555633, 341)
(1437555634, 344)
(1437555635, 301)
(1437555636, 359)
(1437555637, 370)
(1437555638, 354)
(1437555639, 347)
(1437555640, 297)
(1437555641, 320)
(1437555642, 336)
(1437555643, 349)
(1437555644, 281)
(1437555645, 365)
(1437555646, 365)
(1437555647, 343)
(1437555648, 401)
(1437555649, 367)
(1437555650, 391)
(1437555651, 384)
(1437555652, 369)
(1437555653, 389)
(1437555654, 411)
(1437555655, 430)
(1437555656, 474)
(1437555657, 497)
(1437555658, 434)
(1437555659, 371)
(1437555660, 395)
(1437555661, 402)
(1437555662, 392)
(1437555663, 386)
(1437555664, 438)
(1437555665, 335)
(1437555666, 339)
(1437555667, 306)
(1437555668, 383)
(1437555669, 389)
(1437555670, 387)
(1437555671, 368)
(1437555672, 375)
(1437555673, 383)
(1437555674, 355)
(1437555675, 394)
(1437555676, 445)
(1437555677, 469)
(1437555678, 394)
(1437555679, 375)
(1437555680, 464)
(1437555681, 465)
(1437555682, 432)
(1437555683, 398)
(1437555684, 441)
(1437555685, 423)
(1437555686, 472)
(1437555687, 395)
(1437555688, 431)
(1437555689, 422)
(1437555690, 444)
(1437555691, 415)
(1437555692, 405)
(1437555693, 466)
(1437555694, 480)
(1437555695, 454)
(1437555696, 386)
(1437555697, 400)
(1437555698, 483)
(1437555699, 482)
(1437555700, 521)
(1437555701, 464)
(1437555702, 415)
(1437555703, 324)
(1437555704, 380)
(1437555705, 362)
(1437555706, 390)
(1437555707, 334)
(1437555708, 350)
(1437555709, 387)
(1437555710, 459)
(1437555711, 421)
(1437555712, 296)
(1437555713, 357)
(1437555714, 381)
(1437555715, 396)
(1437555716, 311)
(1437555717, 311)
(1437555718, 397)
(1437555719, 352)
(1437555720, 438)
(1437555721, 390)
(1437555722, 387)
(1437555723, 395)
(1437555724, 350)
(1437555725, 321)
(1437555726, 447)
(1437555727, 472)
(1437555728, 503)
(1437555729, 445)
(1437555730, 362)
(1437555731, 373)
(1437555732, 498)
(1437555733, 390)
(1437555734, 389)
(1437555735, 417)
(1437555736, 406)
(1437555737, 302)
(1437555738, 412)
(1437555739, 374)
(1437555740, 397)
(1437555741, 410)
(1437555742, 414)
(1437555743, 412)
(1437555744, 342)
(1437555745, 461)
(1437555746, 520)
(1437555747, 389)
(1437555748, 376)
(1437555749, 302)
(1437555750, 422)
(1437555751, 427)
(1437555752, 371)
(1437555753, 379)
(1437555754, 375)
(1437555755, 405)
(1437555756, 346)
(1437555757, 429)
(1437555758, 435)
(1437555759, 352)
(1437555760, 329)
(1437555761, 393)
(1437555762, 456)
(1437555763, 344)
(1437555764, 345)
(1437555765, 363)
(1437555766, 335)
(1437555767, 340)
(1437555768, 294)
(1437555769, 276)
(1437555770, 367)
(1437555771, 441)
(1437555772, 362)
(1437555773, 313)
(1437555774, 364)
(1437555775, 388)
(1437555776, 414)
(1437555777, 393)
(1437555778, 439)
(1437555779, 420)
(1437555780, 418)
(1437555781, 463)
(1437555782, 386)
(1437555783, 384)
(1437555784, 352)
(1437555785, 320)
(1437555786, 361)
(1437555787, 288)
(1437555788, 284)
(1437555789, 385)
(1437555790, 449)
(1437555791, 360)
(1437555792, 416)
(1437555793, 360)
(1437555794, 403)
(1437555795, 366)
(1437555796, 376)
(1437555797, 399)
(1437555798, 379)
(1437555799, 406)
(1437555800, 342)
(1437555801, 319)
(1437555802, 344)
(1437555803, 305)
(1437555804, 341)
(1437555805, 312)
(1437555806, 336)
(1437555807, 446)
(1437555808, 463)
(1437555809, 390)
(1437555810, 439)
(1437555811, 334)
(1437555812, 340)
(1437555813, 285)
(1437555814, 356)
(1437555815, 329)
(1437555816, 399)
(1437555817, 469)
(1437555818, 387)
(1437555819, 309)
(1437555820, 341)
(1437555821, 382)
(1437555822, 407)
(1437555823, 358)
(1437555824, 396)
(1437555825, 453)
(1437555826, 502)
(1437555827, 510)
(1437555828, 519)
(1437555829, 426)
(1437555830, 357)
(1437555831, 396)
(1437555832, 449)
(1437555833, 394)
(1437555834, 369)
(1437555835, 270)
(1437555836, 385)
(1437555837, 399)
(1437555838, 478)
(1437555839, 421)
(1437555840, 415)
(1437555841, 407)
(1437555842, 430)
(1437555843, 390)
(1437555844, 494)
(1437555845, 421)
(1437555846, 361)
(1437555847, 386)
(1437555848, 386)
(1437555849, 405)
(1437555850, 345)
(1437555851, 382)
(1437555852, 417)
(1437555853, 397)
(1437555854, 343)
(1437555855, 362)
(1437555856, 386)
(1437555857, 364)
(1437555858, 422)
(1437555859, 386)
(1437555860, 384)
(1437555861, 476)
(1437555862, 467)
(1437555863, 518)
(1437555864, 476)
(1437555865, 370)
(1437555866, 383)
(1437555867, 402)
(1437555868, 453)
(1437555869, 472)
(1437555870, 461)
(1437555871, 500)
(1437555872, 406)
(1437555873, 412)
(1437555874, 387)
(1437555875, 270)
(1437555876, 449)
(1437555877, 402)
(1437555878, 415)
(1437555879, 407)
(1437555880, 371)
(1437555881, 296)
(1437555882, 345)
(1437555883, 198)
(1437560987, 1)
(1437560988, 1)
(1437561003, 1)
(1437561004, 1)
(1437561014, 1)
(1437561017, 1)
(1437561018, 1)
(1437561027, 5)
(1437561028, 510)
(1437561029, 541)
(1437561030, 373)
(1437561031, 393)
(1437561032, 353)
(1437561033, 316)
(1437561034, 354)
(1437561035, 306)
(1437561036, 332)
(1437561037, 304)
(1437561038, 353)
(1437561039, 385)
(1437561040, 375)
(1437561041, 374)
(1437561042, 376)
(1437561043, 374)
(1437561044, 381)
(1437561045, 384)
(1437561046, 373)
(1437561047, 429)
(1437561048, 388)
(1437561049, 375)
(1437561050, 393)
(1437561051, 387)
(1437561052, 388)
(1437561053, 348)
(1437561054, 417)
(1437561055, 467)
(1437561056, 429)
(1437561057, 373)
(1437561058, 464)
(1437561059, 416)
(1437561060, 419)
(1437561061, 515)
(1437561062, 384)
(1437561063, 287)
(1437561064, 372)
(1437561065, 457)
(1437561066, 376)
(1437561067, 442)
(1437561068, 396)
(1437561069, 441)
(1437561070, 349)
(1437561071, 360)
(1437561072, 433)
(1437561073, 418)
(1437561074, 298)
(1437561075, 339)
(1437561076, 411)
(1437561077, 307)
(1437561078, 356)
(1437561079, 353)
(1437561080, 364)
(1437561081, 281)
(1437561082, 398)
(1437561083, 367)
(1437561084, 457)
(1437561085, 399)
(1437561086, 331)
(1437561087, 286)
(1437561088, 320)
(1437561089, 304)
(1437561090, 329)
(1437561091, 351)
(1437561092, 405)
(1437561093, 341)
(1437561094, 331)
(1437561095, 333)
(1437561096, 333)
(1437561097, 345)
(1437561098, 328)
(1437561099, 365)
(1437561100, 369)
(1437561101, 322)
(1437561102, 327)
(1437561103, 393)
(1437561104, 358)
(1437561105, 264)
(1437561106, 379)
(1437561107, 389)
(1437561108, 322)
(1437561109, 338)
(1437561110, 351)
(1437561111, 345)
(1437561112, 414)
(1437561113, 331)
(1437561114, 305)
(1437561115, 332)
(1437561116, 316)
(1437561117, 274)
(1437561118, 373)
(1437561119, 330)
(1437561120, 395)
(1437561121, 355)
(1437561122, 316)
(1437561123, 368)
(1437561124, 302)
(1437561125, 327)
(1437561126, 261)
(1437561127, 315)
(1437561128, 320)
(1437561129, 289)
(1437561130, 359)
(1437561131, 305)
(1437561132, 271)
(1437561133, 298)
(1437561134, 259)
(1437561135, 359)
(1437561136, 255)
(1437561137, 337)
(1437561138, 378)
(1437561139, 390)
(1437561140, 397)
(1437561141, 366)
(1437561142, 387)
(1437561143, 338)
(1437561144, 357)
(1437561145, 393)
(1437561146, 379)
(1437561147, 387)
(1437561148, 476)
(1437561149, 332)
(1437561150, 302)
(1437561151, 336)
(1437561152, 356)
(1437561153, 376)
(1437561154, 409)
(1437561155, 390)
(1437561156, 323)
(1437561157, 294)
(1437561158, 356)
(1437561159, 350)
(1437561160, 287)
(1437561161, 477)
(1437561162, 414)
(1437561163, 354)
(1437561164, 275)
(1437561165, 364)
(1437561166, 321)
(1437561167, 334)
(1437561168, 360)
(1437561169, 445)
(1437561170, 363)
(1437561171, 322)
(1437561172, 314)
(1437561173, 294)
(1437561174, 259)
(1437561175, 333)
(1437561176, 267)
(1437561177, 302)
(1437561178, 294)
(1437561179, 347)
(1437561180, 382)
(1437561181, 359)
(1437561182, 326)
(1437561183, 339)
(1437561184, 408)
(1437561185, 301)
(1437561186, 357)
(1437561187, 364)
(1437561188, 467)
(1437561189, 461)
(1437561190, 385)
(1437561191, 355)
(1437561192, 447)
(1437561193, 527)
(1437561194, 408)
(1437561195, 354)
(1437561196, 464)
(1437561197, 375)
(1437561198, 349)
(1437561199, 464)
(1437561200, 386)
(1437561201, 358)
(1437561202, 433)
(1437561203, 408)
(1437561204, 444)
(1437561205, 383)
(1437561206, 404)
(1437561207, 364)
(1437561208, 386)
(1437561209, 538)
(1437561210, 455)
(1437561211, 362)
(1437561212, 385)
(1437561213, 354)
(1437561214, 351)
(1437561215, 484)
(1437561216, 352)
(1437561217, 367)
(1437561218, 379)
(1437561219, 423)
(1437561220, 322)
(1437561221, 409)
(1437561222, 396)
(1437561223, 443)
(1437561224, 531)
(1437561225, 478)
(1437561226, 609)
(1437561227, 508)
(1437561228, 611)
(1437561229, 382)
(1437561230, 382)
(1437561231, 407)
(1437561232, 423)
(1437561233, 442)
(1437561234, 310)
(1437561235, 343)
(1437561236, 501)
(1437561237, 438)
(1437561238, 434)
(1437561239, 365)
(1437561240, 464)
(1437561241, 422)
(1437561242, 376)
(1437561243, 381)
(1437561244, 347)
(1437561245, 371)
(1437561246, 327)
(1437561247, 361)
(1437561248, 493)
(1437561249, 407)
(1437561250, 420)
(1437561251, 384)
(1437561252, 392)
(1437561253, 397)
(1437561254, 391)
(1437561255, 364)
(1437561256, 360)
(1437561257, 411)
(1437561258, 306)
(1437561259, 357)
(1437561260, 420)
(1437561261, 572)
(1437561262, 557)
(1437561263, 460)
(1437561264, 498)
(1437561265, 410)
(1437561266, 483)
(1437561267, 477)
(1437561268, 432)
(1437561269, 363)
(1437561270, 316)
(1437561271, 436)
(1437561272, 473)
(1437561273, 531)
(1437561274, 492)
(1437561275, 374)
(1437561276, 366)
(1437561277, 391)
(1437561278, 411)
(1437561279, 334)
(1437561280, 417)
(1437561281, 308)
(1437561282, 353)
(1437561283, 373)
(1437561284, 351)
(1437561285, 346)
(1437561286, 521)
(1437561287, 468)
(1437561288, 410)
(1437561289, 375)
(1437561290, 395)
(1437561291, 70)
(1437561298, 1)
(1437561300, 1)
(1437561316, 1)
(1437561321, 1)
(1437561326, 1)
(1437561327, 6)
(1437561328, 370)
(1437561329, 407)
(1437561330, 398)
(1437561331, 455)
(1437561332, 374)
(1437561333, 395)
(1437561334, 395)
(1437561335, 323)
(1437561336, 373)
(1437561337, 415)
(1437561338, 350)
(1437561339, 330)
(1437561340, 306)
(1437561341, 438)
(1437561342, 373)
(1437561343, 386)
(1437561344, 393)
(1437561345, 342)
(1437561346, 338)
(1437561347, 337)
(1437561348, 352)
(1437561349, 298)
(1437561350, 379)
(1437561351, 362)
(1437561352, 328)
(1437561353, 341)
(1437561354, 387)
(1437561355, 426)
(1437561356, 352)
(1437561357, 314)
(1437561358, 416)
(1437561359, 405)
(1437561360, 338)
(1437561361, 375)
(1437561362, 361)
(1437561363, 344)
(1437561364, 368)
(1437561365, 373)
(1437561366, 384)
(1437561367, 366)
(1437561368, 327)
(1437561369, 417)
(1437561370, 438)
(1437561371, 387)
(1437561372, 372)
(1437561373, 399)
(1437561374, 411)
(1437561375, 393)
(1437561376, 340)
(1437561377, 485)
(1437561378, 369)
(1437561379, 390)
(1437561380, 424)
(1437561381, 360)
(1437561382, 508)
(1437561383, 415)
(1437561384, 425)
(1437561385, 438)
(1437561386, 444)
(1437561387, 368)
(1437561388, 453)
(1437561389, 449)
(1437561390, 349)
(1437561391, 320)
(1437561392, 339)
(1437561393, 367)
(1437561394, 479)
(1437561395, 366)
(1437561396, 403)
(1437561397, 334)
(1437561398, 379)
(1437561399, 394)
(1437561400, 367)
(1437561401, 398)
(1437561402, 446)
(1437561403, 452)
(1437561404, 427)
(1437561405, 359)
(1437561406, 322)
(1437561407, 363)
(1437561408, 400)
(1437561409, 445)
(1437561410, 349)
(1437561411, 374)
(1437561412, 352)
(1437561413, 305)
(1437561414, 348)
(1437561415, 452)
(1437561416, 467)
(1437561417, 377)
(1437561418, 365)
(1437561419, 282)
(1437561420, 284)
(1437561421, 276)
(1437561422, 339)
(1437561423, 310)
(1437561424, 369)
(1437561425, 310)
(1437561426, 432)
(1437561427, 312)
(1437561428, 408)
(1437561429, 374)
(1437561430, 354)
(1437561431, 319)
(1437561432, 338)
(1437561433, 384)
(1437561434, 331)
(1437561435, 399)
(1437561436, 408)
(1437561437, 302)
(1437561438, 531)
(1437561439, 470)
(1437561440, 476)
(1437561441, 431)
(1437561442, 343)
(1437561443, 362)
(1437561444, 351)
(1437561445, 301)
(1437561446, 318)
(1437561447, 321)
(1437561448, 350)
(1437561449, 337)
(1437561450, 313)
(1437561451, 409)
(1437561452, 413)
(1437561453, 513)
(1437561454, 369)
(1437561455, 421)
(1437561456, 450)
(1437561457, 404)
(1437561458, 436)
(1437561459, 386)
(1437561460, 312)
(1437561461, 418)
(1437561462, 361)
(1437561463, 374)
(1437561464, 386)
(1437561465, 394)
(1437561466, 366)
(1437561467, 361)
(1437561468, 461)
(1437561469, 417)
(1437561470, 389)
(1437561471, 364)
(1437561472, 473)
(1437561473, 405)
(1437561474, 420)
(1437561475, 439)
(1437561476, 387)
(1437561477, 366)
(1437561478, 406)
(1437561479, 443)
(1437561480, 459)
(1437561481, 454)
(1437561482, 371)
(1437561483, 444)
(1437561484, 466)
(1437561485, 506)
(1437561486, 468)
(1437561487, 399)
(1437561488, 479)
(1437561489, 481)
(1437561490, 543)
(1437561491, 408)
(1437561492, 478)
(1437561493, 452)
(1437561494, 345)
(1437561495, 352)
(1437561496, 390)
(1437561497, 301)
(1437561498, 334)
(1437561499, 363)
(1437561500, 495)
(1437561501, 446)
(1437561502, 463)
(1437561503, 345)
(1437561504, 424)
(1437561505, 479)
(1437561506, 351)
(1437561507, 392)
(1437561508, 389)
(1437561509, 354)
(1437561510, 385)
(1437561511, 396)
(1437561512, 402)
(1437561513, 369)
(1437561514, 400)
(1437561515, 381)
(1437561516, 328)
(1437561517, 330)
(1437561518, 287)
(1437561519, 291)
(1437561520, 297)
(1437561521, 323)
(1437561522, 378)
(1437561523, 400)
(1437561524, 355)
(1437561525, 398)
(1437561526, 405)
(1437561527, 398)
(1437561528, 467)
(1437561529, 408)
(1437561530, 425)
(1437561531, 354)
(1437561532, 427)
(1437561533, 368)
(1437561534, 447)
(1437561535, 343)
(1437561536, 392)
(1437561537, 374)
(1437561538, 377)
(1437561539, 408)
(1437561540, 422)
(1437561541, 429)
(1437561542, 417)
(1437561543, 416)
(1437561544, 376)
(1437561545, 363)
(1437561546, 382)
(1437561547, 367)
(1437561548, 367)
(1437561549, 377)
(1437561550, 321)
(1437561551, 346)
(1437561552, 371)
(1437561553, 349)
(1437561554, 343)
(1437561555, 367)
(1437561556, 338)
(1437561557, 330)
(1437561558, 334)
(1437561559, 322)
(1437561560, 361)
(1437561561, 350)
(1437561562, 363)
(1437561563, 418)
(1437561564, 369)
(1437561565, 352)
(1437561566, 342)
(1437561567, 381)
(1437561568, 377)
(1437561569, 362)
(1437561570, 343)
(1437561571, 337)
(1437561572, 270)
(1437561573, 293)
(1437561574, 354)
(1437561575, 444)
(1437561576, 383)
(1437561577, 410)
(1437561578, 344)
(1437561579, 310)
(1437561580, 295)
(1437561581, 440)
(1437561582, 361)
(1437561583, 475)
(1437561584, 387)
(1437561585, 543)
(1437561586, 465)
(1437561587, 521)
(1437561869, 1)
(1437561870, 1)
(1437561876, 1)
(1437561890, 1)
(1437561893, 1)
(1437561895, 1)
(1437561909, 1)
(1437561925, 3)
(1437561926, 1)
(1437561927, 16)
(1437561928, 297)
(1437561929, 365)
(1437561930, 374)
(1437561931, 400)
(1437561932, 336)
(1437561933, 306)
(1437561934, 306)
(1437561935, 350)
(1437561936, 362)
(1437561937, 355)
(1437561938, 329)
(1437561939, 352)
(1437561940, 393)
(1437561941, 423)
(1437561942, 364)
(1437561943, 424)
(1437561944, 430)
(1437561945, 411)
(1437561946, 396)
(1437561947, 334)
(1437561948, 300)
(1437561949, 275)
(1437561950, 379)
(1437561951, 320)
(1437561952, 307)
(1437561953, 283)
(1437561954, 355)
(1437561955, 412)
(1437561956, 366)
(1437561957, 414)
(1437561958, 420)
(1437561959, 411)
(1437561960, 385)
(1437561961, 318)
(1437561962, 317)
(1437561963, 384)
(1437561964, 507)
(1437561965, 451)
(1437561966, 435)
(1437561967, 385)
(1437561968, 336)
(1437561969, 370)
(1437561970, 422)
(1437561971, 431)
(1437561972, 336)
(1437561973, 414)
(1437561974, 396)
(1437561975, 345)
(1437561976, 415)
(1437561977, 469)
(1437561978, 410)
(1437561979, 429)
(1437561980, 443)
(1437561981, 401)
(1437561982, 486)
(1437561983, 397)
(1437561984, 363)
(1437561985, 417)
(1437561986, 412)
(1437561987, 407)
(1437561988, 374)
(1437561989, 381)
(1437561990, 419)
(1437561991, 486)
(1437561992, 372)
(1437561993, 383)
(1437561994, 410)
(1437561995, 382)
(1437561996, 309)
(1437561997, 394)
(1437561998, 382)
(1437561999, 406)
(1437562000, 475)
(1437562001, 431)
(1437562002, 397)
(1437562003, 397)
(1437562004, 427)
(1437562005, 402)
(1437562006, 388)
(1437562007, 408)
(1437562008, 431)
(1437562009, 415)
(1437562010, 432)
(1437562011, 437)
(1437562012, 444)
(1437562013, 467)
(1437562014, 421)
(1437562015, 383)
(1437562016, 374)
(1437562017, 446)
(1437562018, 404)
(1437562019, 363)
(1437562020, 452)
(1437562021, 439)
(1437562022, 412)
(1437562023, 364)
(1437562024, 331)
(1437562025, 359)
(1437562026, 419)
(1437562027, 544)
(1437562028, 388)
(1437562029, 393)
(1437562030, 445)
(1437562031, 430)
(1437562032, 384)
(1437562033, 332)
(1437562034, 329)
(1437562035, 367)
(1437562036, 360)
(1437562037, 385)
(1437562038, 379)
(1437562039, 344)
(1437562040, 371)
(1437562041, 428)
(1437562042, 366)
(1437562043, 391)
(1437562044, 346)
(1437562045, 365)
(1437562046, 296)
(1437562047, 360)
(1437562048, 444)
(1437562049, 379)
(1437562050, 320)
(1437562051, 363)
(1437562052, 384)
(1437562053, 372)
(1437562054, 364)
(1437562055, 429)
(1437562056, 378)
(1437562057, 367)
(1437562058, 365)
(1437562059, 414)
(1437562060, 411)
(1437562061, 455)
(1437562062, 438)
(1437562063, 355)
(1437562064, 357)
(1437562065, 324)
(1437562066, 392)
(1437562067, 436)
(1437562068, 456)
(1437562069, 528)
(1437562070, 460)
(1437562071, 400)
(1437562072, 442)
(1437562073, 348)
(1437562074, 363)
(1437562075, 355)
(1437562076, 349)
(1437562077, 418)
(1437562078, 345)
(1437562079, 397)
(1437562080, 401)
(1437562081, 448)
(1437562082, 442)
(1437562083, 418)
(1437562084, 481)
(1437562085, 400)
(1437562086, 367)
(1437562087, 364)
(1437562088, 366)
(1437562089, 347)
(1437562090, 385)
(1437562091, 421)
(1437562092, 432)
(1437562093, 356)
(1437562094, 421)
(1437562095, 430)
(1437562096, 439)
(1437562097, 377)
(1437562098, 363)
(1437562099, 393)
(1437562100, 446)
(1437562101, 411)
(1437562102, 370)
(1437562103, 413)
(1437562104, 388)
(1437562105, 486)
(1437562106, 350)
(1437562107, 326)
(1437562108, 412)
(1437562109, 344)
(1437562110, 325)
(1437562111, 303)
(1437562112, 320)
(1437562113, 362)
(1437562114, 360)
(1437562115, 389)
(1437562116, 359)
(1437562117, 405)
(1437562118, 348)
(1437562119, 326)
(1437562120, 321)
(1437562121, 341)
(1437562122, 248)
(1437562123, 365)
(1437562124, 297)
(1437562125, 326)
(1437562126, 379)
(1437562127, 376)
(1437562128, 454)
(1437562129, 405)
(1437562130, 509)
(1437562131, 550)
(1437562132, 414)
(1437562133, 378)
(1437562134, 356)
(1437562135, 369)
(1437562136, 296)
(1437562137, 296)
(1437562138, 355)
(1437562139, 356)
(1437562140, 391)
(1437562141, 325)
(1437562142, 318)
(1437562143, 324)
(1437562144, 299)
(1437562145, 313)
(1437562146, 294)
(1437562147, 334)
(1437562148, 373)
(1437562149, 298)
(1437562150, 291)
(1437562151, 292)
(1437562152, 319)
(1437562153, 419)
(1437562154, 412)
(1437562155, 353)
(1437562156, 412)
(1437562157, 413)
(1437562158, 394)
(1437562159, 323)
(1437562160, 297)
(1437562161, 407)
(1437562162, 347)
(1437562163, 384)
(1437562164, 308)
(1437562165, 317)
(1437562166, 332)
(1437562167, 330)
(1437562168, 344)
(1437562169, 345)
(1437562170, 320)
(1437562171, 263)
(1437562172, 310)
(1437562173, 312)
(1437562174, 289)
(1437562175, 370)
(1437562176, 319)
(1437562177, 352)
(1437562178, 353)
(1437562179, 320)
(1437562180, 284)
(1437562181, 372)
(1437562182, 267)
(1437562183, 300)
(1437562184, 303)
(1437562185, 314)
(1437562186, 345)
(1437562187, 377)
(1437562188, 361)
(1437562189, 449)
(1437562190, 389)
(1437562191, 344)
(1437562192, 209)
(1437562808, 1)
(1437562827, 3)
(1437562828, 338)
(1437562829, 353)
(1437562830, 343)
(1437562831, 314)
(1437562832, 436)
(1437562833, 379)
(1437562834, 424)
(1437562835, 388)
(1437562836, 367)
(1437562837, 416)
(1437562838, 437)
(1437562839, 466)
(1437562840, 400)
(1437562841, 393)
(1437562842, 378)
(1437562843, 387)
(1437562844, 448)
(1437562845, 472)
(1437562846, 526)
(1437562847, 524)
(1437562848, 452)
(1437562849, 462)
(1437562850, 552)
(1437562851, 466)
(1437562852, 414)
(1437562853, 409)
(1437562854, 289)
(1437562855, 313)
(1437562856, 339)
(1437562857, 376)
(1437562858, 370)
(1437562859, 390)
(1437562860, 409)
(1437562861, 419)
(1437562862, 347)
(1437562863, 366)
(1437562864, 325)
(1437562865, 359)
(1437562866, 404)
(1437562867, 346)
(1437562868, 443)
(1437562869, 420)
(1437562870, 371)
(1437562871, 527)
(1437562872, 457)
(1437562873, 494)
(1437562874, 450)
(1437562875, 421)
(1437562876, 520)
(1437562877, 457)
(1437562878, 482)
(1437562879, 444)
(1437562880, 383)
(1437562881, 386)
(1437562882, 437)
(1437562883, 381)
(1437562884, 429)
(1437562885, 420)
(1437562886, 456)
(1437562887, 377)
(1437562888, 389)
(1437562889, 427)
(1437562890, 440)
(1437562891, 387)
(1437562892, 385)
(1437562893, 382)
(1437562894, 404)
(1437562895, 455)
(1437562896, 427)
(1437562897, 395)
(1437562898, 391)
(1437562899, 426)
(1437562900, 434)
(1437562901, 399)
(1437562902, 389)
(1437562903, 335)
(1437562904, 362)
(1437562905, 335)
(1437562906, 310)
(1437562907, 360)
(1437562908, 432)
(1437562909, 303)
(1437562910, 336)
(1437562911, 419)
(1437562912, 386)
(1437562913, 493)
(1437562914, 354)
(1437562915, 312)
(1437562916, 354)
(1437562917, 278)
(1437562918, 301)
(1437562919, 368)
(1437562920, 395)
(1437562921, 322)
(1437562922, 405)
(1437562923, 558)
(1437562924, 406)
(1437562925, 352)
(1437562926, 458)
(1437562927, 477)
(1437562928, 388)
(1437562929, 345)
(1437562930, 405)
(1437562931, 354)
(1437562932, 401)
(1437562933, 437)
(1437562934, 397)
(1437562935, 331)
(1437562936, 390)
(1437562937, 396)
(1437562938, 422)
(1437562939, 368)
(1437562940, 352)
(1437562941, 403)
(1437562942, 388)
(1437562943, 484)
(1437562944, 403)
(1437562945, 403)
(1437562946, 387)
(1437562947, 473)
(1437562948, 430)
(1437562949, 349)
(1437562950, 306)
(1437562951, 334)
(1437562952, 366)
(1437562953, 316)
(1437562954, 322)
(1437562955, 378)
(1437562956, 341)
(1437562957, 322)
(1437562958, 304)
(1437562959, 352)
(1437562960, 378)
(1437562961, 344)
(1437562962, 353)
(1437562963, 350)
(1437562964, 336)
(1437562965, 309)
(1437562966, 454)
(1437562967, 340)
(1437562968, 373)
(1437562969, 433)
(1437562970, 542)
(1437562971, 462)
(1437562972, 351)
(1437562973, 347)
(1437562974, 391)
(1437562975, 389)
(1437562976, 337)
(1437562977, 311)
(1437562978, 308)
(1437562979, 319)
(1437562980, 353)
(1437562981, 324)
(1437562982, 395)
(1437562983, 356)
(1437562984, 308)
(1437562985, 302)
(1437562986, 306)
(1437562987, 345)
(1437562988, 326)
(1437562989, 393)
(1437562990, 365)
(1437562991, 309)
(1437562992, 340)
(1437562993, 349)
(1437562994, 329)
(1437562995, 334)
(1437562996, 331)
(1437562997, 366)
(1437562998, 365)
(1437562999, 280)
(1437563000, 292)
(1437563001, 301)
(1437563002, 374)
(1437563003, 414)
(1437563004, 349)
(1437563005, 285)
(1437563006, 374)
(1437563007, 351)
(1437563008, 348)
(1437563009, 270)
(1437563010, 315)
(1437563011, 363)
(1437563012, 355)
(1437563013, 388)
(1437563014, 411)
(1437563015, 417)
(1437563016, 381)
(1437563017, 373)
(1437563018, 504)
(1437563019, 320)
(1437563020, 330)
(1437563021, 269)
(1437563022, 275)
(1437563023, 291)
(1437563024, 292)
(1437563025, 293)
(1437563026, 358)
(1437563027, 342)
(1437563028, 307)
(1437563029, 293)
(1437563030, 289)
(1437563031, 346)
(1437563032, 330)
(1437563033, 316)
(1437563034, 299)
(1437563035, 309)
(1437563036, 337)
(1437563037, 327)
(1437563038, 313)
(1437563039, 330)
(1437563040, 261)
(1437563041, 294)
(1437563042, 323)
(1437563043, 425)
(1437563044, 464)
(1437563045, 446)
(1437563046, 423)
(1437563047, 319)
(1437563048, 359)
(1437563049, 341)
(1437563050, 342)
(1437563051, 280)
(1437563052, 316)
(1437563053, 357)
(1437563054, 323)
(1437563055, 322)
(1437563056, 295)
(1437563057, 292)
(1437563058, 281)
(1437563059, 280)
(1437563060, 368)
(1437563061, 292)
(1437563062, 326)
(1437563063, 357)
(1437563064, 344)
(1437563065, 371)
(1437563066, 349)
(1437563067, 386)
(1437563068, 323)
(1437563069, 351)
(1437563070, 340)
(1437563071, 325)
(1437563072, 379)
(1437563073, 319)
(1437563074, 320)
(1437563075, 315)
(1437563076, 341)
(1437563077, 330)
(1437563078, 352)
(1437563079, 325)
(1437563080, 322)
(1437563081, 361)
(1437563082, 405)
(1437563083, 436)
(1437563084, 393)
(1437563085, 392)
(1437563086, 312)
(1437563087, 309)
(1437563088, 383)
(1437563089, 440)
(1437563090, 346)
(1437563091, 405)
(1437563092, 319)
(1437563093, 359)
(1437563094, 331)
(1437563095, 396)
(1437563096, 407)
(1437563097, 150)
(1437566125, 2)
(1437566132, 1)
(1437566133, 1)
(1437566136, 1)
(1437566137, 2)
(1437566139, 3)
(1437566145, 3)
(1437566147, 1)
(1437566150, 1)
(1437566156, 1)
(1437566157, 1)
(1437566162, 4)
(1437566168, 4)
(1437566175, 4)
(1437566181, 1)
(1437566187, 1)
(1437566193, 3)
(1437566199, 4)
(1437566202, 1)
(1437566205, 1)
(1437566206, 2)
(1437566212, 3)
(1437566218, 2)
(1437566225, 6)
(1437566231, 1)
(1437566232, 1)
(1437566239, 2)
(1437566245, 2)
(1437566251, 1)
(1437566257, 1)
(1437566259, 1)
(1437566261, 1)
(1437566264, 1)
(1437566270, 2)
(1437566276, 2)
(1437566283, 1)
(1437566289, 4)
(1437566301, 5)
(1437566308, 3)
(1437566314, 2)
(1437566318, 1)
(1437566320, 7)
(1437566321, 1)
(1437566322, 2)
(1437566324, 1)
(1437566326, 2)
(1437566333, 1)
(1437566339, 1)
(1437566346, 2)
(1437566353, 2)
(1437566359, 4)
(1437566360, 2)
(1437566363, 2)
(1437566366, 2)
(1437566372, 3)
(1437566378, 2)
(1437566380, 1)
(1437566381, 3)
(1437566384, 2)
(1437566391, 4)
(1437566392, 1)
(1437566393, 1)
(1437566394, 1)
(1437566397, 4)
(1437566399, 1)
(1437566403, 3)
(1437566409, 3)
(1437566411, 1)
(1437566414, 1)
(1437566415, 1)
(1437566425, 2)
(1437566427, 1)
(1437570325, 1)
(1437570328, 1)
(1437570329, 1)
(1437570330, 2)
(1437570331, 1)
(1437570334, 1)
(1437570338, 2)
(1437570339, 3)
(1437570340, 3)
(1437570342, 3)
(1437570343, 4)
(1437570344, 2)
(1437570348, 1)
(1437570350, 2)
(1437570353, 1)
(1437570354, 1)
(1437570356, 1)
(1437570357, 1)
(1437570363, 4)
(1437570369, 2)
(1437570375, 2)
(1437570382, 1)
(1437570388, 2)
(1437570394, 1)
(1437570395, 3)
(1437570400, 4)
(1437570401, 3)
(1437570402, 3)
(1437570404, 5)
(1437570405, 1)
(1437570406, 2)
(1437570407, 2)
(1437570408, 3)
(1437570411, 1)
(1437570413, 3)
(1437570414, 1)
(1437570418, 1)
(1437570419, 1)
(1437570420, 2)
(1437570421, 1)
(1437570426, 2)
(1437570428, 1)
(1437570433, 2)
(1437570439, 1)
(1437570442, 2)
(1437570445, 4)
(1437570452, 2)
(1437570458, 2)
(1437570460, 3)
(1437570461, 2)
(1437570462, 6)
(1437570464, 3)
(1437570471, 1)
(1437570477, 4)
(1437570479, 2)
(1437570483, 4)
(1437570485, 1)
(1437570490, 1)
(1437570491, 2)
(1437570496, 2)
(1437570502, 4)
(1437570509, 1)
(1437570511, 1)
(1437570518, 5)
(1437570519, 3)
(1437570521, 5)
(1437570522, 5)
(1437570523, 1)
(1437570528, 2)
(1437570529, 1)
(1437570534, 2)
(1437570537, 2)
(1437570540, 2)
(1437570543, 1)
(1437570547, 3)
(1437570553, 4)
(1437570560, 1)
(1437570566, 1)
(1437570572, 3)
(1437570579, 3)
(1437570581, 2)
(1437570582, 6)
(1437570585, 2)
(1437570591, 4)
(1437570595, 1)
(1437570598, 2)
(1437570604, 4)
(1437570610, 1)
(1437570617, 3)
(1437580236, 1)
(1437580238, 2)
(1437580239, 2)
(1437580241, 1)
(1437580242, 5)
(1437580243, 2)
(1437580245, 2)
(1437580246, 3)
(1437580247, 4)
(1437580249, 2)
(1437580251, 5)
(1437580252, 4)
(1437580253, 2)
(1437580255, 5)
(1437580256, 3)
(1437580257, 3)
(1437580258, 1)
(1437580259, 3)
(1437580260, 2)
(1437580281, 1)
(1437580298, 4)
(1437580304, 2)
(1437580337, 1)
(1437580339, 1)
(1437580341, 1)
(1437580342, 1)
(1437580343, 1)
(1437580345, 1)
(1437580358, 2)
(1437580359, 3)
(1437580360, 2)
(1437580361, 2)
(1437580362, 2)
(1437580363, 4)
(1437580364, 2)
(1437580366, 3)
(1437580367, 4)
(1437580368, 1)
(1437580370, 3)
(1437580371, 4)
(1437580372, 1)
(1437580374, 4)
(1437580375, 3)
(1437580377, 2)
(1437580389, 32)
(1437580390, 16)
(1437580391, 2)
(1437580418, 1)
(1437580478, 1)
(1437580479, 6)
(1437580480, 3)
(1437580482, 1)
(1437580483, 3)
(1437580485, 2)
(1437580486, 3)
(1437580487, 3)
(1437580489, 2)
(1437580500, 1)
(1437580517, 1)
(1437581391, 1)
(1437581416, 1)
(1437581417, 1)
(1437581418, 1)
(1437581427, 2)
(1437581428, 381)
(1437581429, 429)
(1437581430, 513)
(1437581431, 406)
(1437581432, 464)
(1437581433, 502)
(1437581434, 463)
(1437581435, 383)
(1437581436, 462)
(1437581437, 486)
(1437581438, 461)
(1437581439, 430)
(1437581440, 373)
(1437581441, 431)
(1437581442, 329)
(1437581443, 357)
(1437581444, 452)
(1437581445, 404)
(1437581446, 323)
(1437581447, 383)
(1437581448, 376)
(1437581449, 365)
(1437581450, 377)
(1437581451, 507)
(1437581452, 402)
(1437581453, 373)
(1437581454, 406)
(1437581455, 343)
(1437581456, 338)
(1437581457, 361)
(1437581458, 402)
(1437581459, 325)
(1437581460, 317)
(1437581461, 322)
(1437581462, 367)
(1437581463, 401)
(1437581464, 330)
(1437581465, 340)
(1437581466, 408)
(1437581467, 343)
(1437581468, 364)
(1437581469, 392)
(1437581470, 337)
(1437581471, 337)
(1437581472, 366)
(1437581473, 362)
(1437581474, 327)
(1437581475, 311)
(1437581476, 294)
(1437581477, 358)
(1437581478, 370)
(1437581479, 327)
(1437581480, 338)
(1437581481, 349)
(1437581482, 305)
(1437581483, 352)
(1437581484, 330)
(1437581485, 316)
(1437581486, 310)
(1437581487, 270)
(1437581488, 278)
(1437581489, 343)
(1437581490, 370)
(1437581491, 473)
(1437581492, 501)
(1437581493, 428)
(1437581494, 466)
(1437581495, 454)
(1437581496, 399)
(1437581497, 386)
(1437581498, 527)
(1437581499, 510)
(1437581500, 370)
(1437581501, 410)
(1437581502, 312)
(1437581503, 357)
(1437581504, 361)
(1437581505, 355)
(1437581506, 367)
(1437581507, 404)
(1437581508, 627)
(1437581509, 663)
(1437581510, 580)
(1437581511, 596)
(1437581512, 473)
(1437581513, 498)
(1437581514, 861)
(1437581515, 734)
(1437581516, 359)
(1437581517, 337)
(1437581518, 405)
(1437581519, 373)
(1437581520, 404)
(1437581521, 491)
(1437581522, 394)
(1437581523, 415)
(1437581524, 401)
(1437581525, 408)
(1437581526, 371)
(1437581527, 359)
(1437581528, 323)
(1437581529, 452)
(1437581530, 483)
(1437581531, 423)
(1437581532, 322)
(1437581533, 297)
(1437581534, 285)
(1437581535, 317)
(1437581536, 352)
(1437581537, 325)
(1437581538, 422)
(1437581539, 421)
(1437581540, 376)
(1437581541, 561)
(1437581542, 332)
(1437581543, 323)
(1437581544, 352)
(1437581545, 322)
(1437581546, 323)
(1437581547, 303)
(1437581548, 319)
(1437581549, 391)
(1437581550, 364)
(1437581551, 321)
(1437581552, 346)
(1437581553, 363)
(1437581554, 325)
(1437581555, 301)
(1437581556, 404)
(1437581557, 355)
(1437581558, 353)
(1437581559, 310)
(1437581560, 473)
(1437581561, 340)
(1437581562, 412)
(1437581563, 338)
(1437581564, 287)
(1437581565, 335)
(1437581566, 393)
(1437581567, 407)
(1437581568, 458)
(1437581569, 325)
(1437581570, 339)
(1437581571, 332)
(1437581572, 295)
(1437581573, 371)
(1437581574, 396)
(1437581575, 321)
(1437581576, 414)
(1437581577, 395)
(1437581578, 314)
(1437581579, 333)
(1437581580, 367)
(1437581581, 321)
(1437581582, 337)
(1437581583, 377)
(1437581584, 361)
(1437581585, 622)
(1437581586, 326)
(1437581587, 332)
(1437581588, 406)
(1437581589, 302)
(1437581590, 281)
(1437581591, 333)
(1437581592, 367)
(1437581593, 349)
(1437581594, 280)
(1437581595, 301)
(1437581596, 352)
(1437581597, 335)
(1437581598, 317)
(1437581599, 295)
(1437581600, 355)
(1437581601, 364)
(1437581602, 364)
(1437581603, 402)
(1437581604, 449)
(1437581605, 368)
(1437581606, 313)
(1437581607, 319)
(1437581608, 378)
(1437581609, 313)
(1437581610, 300)
(1437581611, 344)
(1437581612, 325)
(1437581613, 307)
(1437581614, 340)
(1437581615, 318)
(1437581616, 277)
(1437581617, 275)
(1437581618, 376)
(1437581619, 254)
(1437581620, 317)
(1437581621, 408)
(1437581622, 368)
(1437581623, 383)
(1437581624, 345)
(1437581625, 397)
(1437581626, 379)
(1437581627, 385)
(1437581628, 347)
(1437581629, 327)
(1437581630, 334)
(1437581631, 327)
(1437581632, 334)
(1437581633, 443)
(1437581634, 303)
(1437581635, 344)
(1437581636, 368)
(1437581637, 436)
(1437581638, 370)
(1437581639, 387)
(1437581640, 365)
(1437581641, 424)
(1437581642, 364)
(1437581643, 326)
(1437581644, 350)
(1437581645, 331)
(1437581646, 357)
(1437581647, 351)
(1437581648, 352)
(1437581649, 368)
(1437581650, 317)
(1437581651, 335)
(1437581652, 348)
(1437581653, 431)
(1437581654, 367)
(1437581655, 371)
(1437581656, 384)
(1437581657, 462)
(1437581658, 354)
(1437581659, 422)
(1437581660, 320)
(1437581661, 429)
(1437581662, 356)
(1437581663, 385)
(1437581664, 399)
(1437581665, 484)
(1437581666, 408)
(1437581667, 401)
(1437581668, 381)
(1437581669, 379)
(1437581670, 364)
(1437581671, 363)
(1437581672, 405)
(1437581673, 354)
(1437581674, 337)
(1437581675, 328)
(1437581676, 329)
(1437581677, 360)
(1437581678, 415)
(1437581679, 369)
(1437581680, 414)
(1437581681, 348)
(1437581682, 339)
(1437581683, 411)
(1437581684, 350)
(1437581685, 369)
(1437581686, 432)
(1437581687, 399)
(1437581688, 441)
(1437581689, 369)
(1437581690, 399)
(1437581691, 407)
(1437581692, 252)
(1437581989, 1)
(1437582015, 1)
(1437582023, 1)
(1437582025, 1)
(1437582027, 1)
(1437582028, 259)
(1437582029, 337)
(1437582030, 304)
(1437582031, 274)
(1437582032, 231)
(1437582033, 344)
(1437582034, 252)
(1437582035, 264)
(1437582036, 287)
(1437582037, 231)
(1437582038, 343)
(1437582039, 283)
(1437582040, 292)
(1437582041, 341)
(1437582042, 310)
(1437582043, 373)
(1437582044, 280)
(1437582045, 262)
(1437582046, 305)
(1437582047, 328)
(1437582048, 289)
(1437582049, 372)
(1437582050, 415)
(1437582051, 313)
(1437582052, 336)
(1437582053, 333)
(1437582054, 342)
(1437582055, 266)
(1437582056, 273)
(1437582057, 387)
(1437582058, 393)
(1437582059, 358)
(1437582060, 577)
(1437582061, 482)
(1437582062, 643)
(1437582063, 447)
(1437582064, 526)
(1437582065, 568)
(1437582066, 500)
(1437582067, 527)
(1437582068, 498)
(1437582069, 501)
(1437582070, 587)
(1437582071, 479)
(1437582072, 422)
(1437582073, 506)
(1437582074, 581)
(1437582075, 389)
(1437582076, 429)
(1437582077, 429)
(1437582078, 503)
(1437582079, 410)
(1437582080, 518)
(1437582081, 474)
(1437582082, 518)
(1437582083, 431)
(1437582084, 483)
(1437582085, 571)
(1437582086, 320)
(1437582087, 263)
(1437582088, 423)
(1437582089, 460)
(1437582090, 446)
(1437582091, 373)
(1437582092, 342)
(1437582093, 329)
(1437582094, 323)
(1437582095, 316)
(1437582096, 318)
(1437582097, 308)
(1437582098, 314)
(1437582099, 323)
(1437582100, 254)
(1437582101, 342)
(1437582102, 366)
(1437582103, 322)
(1437582104, 391)
(1437582105, 352)
(1437582106, 329)
(1437582107, 314)
(1437582108, 300)
(1437582109, 406)
(1437582110, 417)
(1437582111, 289)
(1437582112, 315)
(1437582113, 339)
(1437582114, 325)
(1437582115, 387)
(1437582116, 464)
(1437582117, 385)
(1437582118, 344)
(1437582119, 343)
(1437582120, 333)
(1437582121, 356)
(1437582122, 314)
(1437582123, 260)
(1437582124, 314)
(1437582125, 282)
(1437582126, 313)
(1437582127, 416)
(1437582128, 378)
(1437582129, 353)
(1437582130, 369)
(1437582131, 284)
(1437582132, 260)
(1437582133, 331)
(1437582134, 335)
(1437582135, 434)
(1437582136, 346)
(1437582137, 280)
(1437582138, 302)
(1437582139, 351)
(1437582140, 368)
(1437582141, 386)
(1437582142, 330)
(1437582143, 323)
(1437582144, 313)
(1437582145, 264)
(1437582146, 259)
(1437582147, 336)
(1437582148, 250)
(1437582149, 345)
(1437582150, 423)
(1437582151, 494)
(1437582152, 485)
(1437582153, 413)
(1437582154, 376)
(1437582155, 404)
(1437582156, 394)
(1437582157, 487)
(1437582158, 520)
(1437582159, 384)
(1437582160, 421)
(1437582161, 440)
(1437582162, 486)
(1437582163, 355)
(1437582164, 354)
(1437582165, 407)
(1437582166, 486)
(1437582167, 503)
(1437582168, 473)
(1437582169, 360)
(1437582170, 505)
(1437582171, 602)
(1437582172, 770)
(1437582173, 358)
(1437582174, 336)
(1437582175, 321)
(1437582176, 343)
(1437582177, 298)
(1437582178, 336)
(1437582179, 346)
(1437582180, 292)
(1437582181, 347)
(1437582182, 266)
(1437582183, 281)
(1437582184, 372)
(1437582185, 283)
(1437582186, 279)
(1437582187, 354)
(1437582188, 213)
(1437582189, 301)
(1437582190, 285)
(1437582191, 279)
(1437582192, 260)
(1437582193, 242)
(1437582194, 303)
(1437582195, 287)
(1437582196, 287)
(1437582197, 356)
(1437582198, 337)
(1437582199, 344)
(1437582200, 313)
(1437582201, 395)
(1437582202, 304)
(1437582203, 316)
(1437582204, 249)
(1437582205, 243)
(1437582206, 353)
(1437582207, 298)
(1437582208, 300)
(1437582209, 325)
(1437582210, 369)
(1437582211, 268)
(1437582212, 308)
(1437582213, 311)
(1437582214, 363)
(1437582215, 389)
(1437582216, 357)
(1437582217, 352)
(1437582218, 359)
(1437582219, 332)
(1437582220, 338)
(1437582221, 291)
(1437582222, 319)
(1437582223, 324)
(1437582224, 390)
(1437582225, 294)
(1437582226, 351)
(1437582227, 416)
(1437582228, 333)
(1437582229, 394)
(1437582230, 351)
(1437582231, 338)
(1437582232, 418)
(1437582233, 326)
(1437582234, 492)
(1437582235, 338)
(1437582236, 310)
(1437582237, 308)
(1437582238, 332)
(1437582239, 344)
(1437582240, 467)
(1437582241, 343)
(1437582242, 516)
(1437582243, 402)
(1437582244, 304)
(1437582245, 312)
(1437582246, 311)
(1437582247, 339)
(1437582248, 388)
(1437582249, 349)
(1437582250, 329)
(1437582251, 426)
(1437582252, 361)
(1437582253, 349)
(1437582254, 325)
(1437582255, 362)
(1437582256, 289)
(1437582257, 283)
(1437582258, 352)
(1437582259, 411)
(1437582260, 376)
(1437582261, 359)
(1437582262, 261)
(1437582263, 305)
(1437582264, 313)
(1437582265, 433)
(1437582266, 338)
(1437582267, 277)
(1437582268, 403)
(1437582269, 310)
(1437582270, 290)
(1437582271, 350)
(1437582272, 305)
(1437582273, 281)
(1437582274, 321)
(1437582275, 357)
(1437582276, 322)
(1437582277, 407)
(1437582278, 510)
(1437582279, 417)
(1437582280, 314)
(1437582281, 289)
(1437582282, 341)
(1437582283, 288)
(1437582284, 337)
(1437582285, 338)
(1437582286, 330)
(1437582287, 369)
(1437582288, 335)
(1437582289, 396)
(1437582290, 339)
(1437582291, 359)
(1437582292, 435)
(1437582293, 405)
(1437582294, 396)
(1437582295, 418)
(1437582296, 302)
(1437582297, 323)
(1437582298, 284)
(1437582299, 301)
(1437582300, 323)
(1437582301, 450)
(1437582302, 327)
(1437582303, 343)
(1437582304, 434)
(1437582305, 103)
(1437583177, 1)
(1437583200, 1)
(1437583205, 1)
(1437583222, 1)
(1437583225, 1)
(1437583227, 5)
(1437583228, 295)
(1437583229, 349)
(1437583230, 341)
(1437583231, 360)
(1437583232, 354)
(1437583233, 304)
(1437583234, 387)
(1437583235, 418)
(1437583236, 474)
(1437583237, 373)
(1437583238, 360)
(1437583239, 419)
(1437583240, 386)
(1437583241, 300)
(1437583242, 314)
(1437583243, 292)
(1437583244, 264)
(1437583245, 407)
(1437583246, 354)
(1437583247, 404)
(1437583248, 330)
(1437583249, 365)
(1437583250, 399)
(1437583251, 372)
(1437583252, 334)
(1437583253, 349)
(1437583254, 404)
(1437583255, 299)
(1437583256, 345)
(1437583257, 385)
(1437583258, 379)
(1437583259, 349)
(1437583260, 352)
(1437583261, 398)
(1437583262, 461)
(1437583263, 414)
(1437583264, 348)
(1437583265, 266)
(1437583266, 308)
(1437583267, 261)
(1437583268, 269)
(1437583269, 288)
(1437583270, 287)
(1437583271, 328)
(1437583272, 400)
(1437583273, 443)
(1437583274, 334)
(1437583275, 293)
(1437583276, 343)
(1437583277, 310)
(1437583278, 303)
(1437583279, 324)
(1437583280, 349)
(1437583281, 326)
(1437583282, 310)
(1437583283, 414)
(1437583284, 422)
(1437583285, 391)
(1437583286, 348)
(1437583287, 302)
(1437583288, 306)
(1437583289, 359)
(1437583290, 326)
(1437583291, 298)
(1437583292, 277)
(1437583293, 278)
(1437583294, 280)
(1437583295, 386)
(1437583296, 314)
(1437583297, 296)
(1437583298, 412)
(1437583299, 404)
(1437583300, 342)
(1437583301, 321)
(1437583302, 309)
(1437583303, 363)
(1437583304, 332)
(1437583305, 347)
(1437583306, 340)
(1437583307, 300)
(1437583308, 299)
(1437583309, 429)
(1437583310, 359)
(1437583311, 366)
(1437583312, 396)
(1437583313, 463)
(1437583314, 314)
(1437583315, 369)
(1437583316, 370)
(1437583317, 396)
(1437583318, 539)
(1437583319, 576)
(1437583320, 393)
(1437583321, 441)
(1437583322, 415)
(1437583323, 459)
(1437583324, 497)
(1437583325, 393)
(1437583326, 402)
(1437583327, 497)
(1437583328, 297)
(1437583329, 493)
(1437583330, 446)
(1437583331, 338)
(1437583332, 486)
(1437583333, 407)
(1437583334, 444)
(1437583335, 491)
(1437583336, 379)
(1437583337, 540)
(1437583338, 509)
(1437583339, 471)
(1437583340, 373)
(1437583341, 400)
(1437583342, 526)
(1437583343, 354)
(1437583344, 284)
(1437583345, 457)
(1437583346, 563)
(1437583347, 536)
(1437583348, 388)
(1437583349, 395)
(1437583350, 543)
(1437583351, 474)
(1437583352, 338)
(1437583353, 319)
(1437583354, 316)
(1437583355, 363)
(1437583356, 358)
(1437583357, 393)
(1437583358, 381)
(1437583359, 370)
(1437583360, 444)
(1437583361, 408)
(1437583362, 334)
(1437583363, 346)
(1437583364, 376)
(1437583365, 300)
(1437583366, 383)
(1437583367, 348)
(1437583368, 343)
(1437583369, 292)
(1437583370, 386)
(1437583371, 344)
(1437583372, 384)
(1437583373, 351)
(1437583374, 310)
(1437583375, 317)
(1437583376, 328)
(1437583377, 343)
(1437583378, 387)
(1437583379, 442)
(1437583380, 445)
(1437583381, 327)
(1437583382, 411)
(1437583383, 386)
(1437583384, 347)
(1437583385, 312)
(1437583386, 338)
(1437583387, 322)
(1437583388, 292)
(1437583389, 325)
(1437583390, 282)
(1437583391, 346)
(1437583392, 423)
(1437583393, 282)
(1437583394, 371)
(1437583395, 361)
(1437583396, 343)
(1437583397, 311)
(1437583398, 304)
(1437583399, 380)
(1437583400, 405)
(1437583401, 377)
(1437583402, 414)
(1437583403, 373)
(1437583404, 304)
(1437583405, 310)
(1437583406, 364)
(1437583407, 372)
(1437583408, 497)
(1437583409, 602)
(1437583410, 504)
(1437583411, 443)
(1437583412, 505)
(1437583413, 469)
(1437583414, 418)
(1437583415, 594)
(1437583416, 542)
(1437583417, 565)
(1437583418, 473)
(1437583419, 583)
(1437583420, 589)
(1437583421, 515)
(1437583422, 402)
(1437583423, 459)
(1437583424, 543)
(1437583425, 754)
(1437583426, 463)
(1437583427, 545)
(1437583428, 653)
(1437583429, 587)
(1437583430, 728)
(1437583431, 828)
(1437583432, 508)
(1437583433, 361)
(1437583434, 384)
(1437583435, 401)
(1437583436, 482)
(1437583437, 479)
(1437583438, 330)
(1437583439, 424)
(1437583440, 373)
(1437583441, 289)
(1437583442, 303)
(1437583443, 271)
(1437583444, 275)
(1437583445, 314)
(1437583446, 380)
(1437583447, 330)
(1437583448, 427)
(1437583449, 299)
(1437583450, 335)
(1437583451, 320)
(1437583452, 304)
(1437583453, 387)
(1437583454, 332)
(1437583455, 339)
(1437583456, 352)
(1437583457, 320)
(1437583458, 409)
(1437583459, 323)
(1437583460, 295)
(1437583461, 284)
(1437583462, 410)
(1437583463, 338)
(1437583464, 337)
(1437583465, 389)
(1437583466, 328)
(1437583467, 330)
(1437583468, 362)
(1437583469, 333)
(1437583470, 368)
(1437583471, 435)
(1437583472, 332)
(1437583473, 497)
(1437583474, 351)
(1437583475, 381)
(1437583476, 307)
(1437583477, 365)
(1437583478, 321)
(1437583479, 339)
(1437583480, 298)
(1437583481, 384)
(1437583482, 305)
(1437583483, 390)
(1437583484, 435)
(1437583485, 349)
(1437583486, 360)
(1437583487, 383)
(1437583488, 226)
(1437586785, 1)
(1437586795, 1)
(1437586812, 1)
(1437586821, 1)
(1437586822, 1)
(1437586825, 1)
(1437586827, 3)
(1437586828, 374)
(1437586829, 202)
(1437586830, 306)
(1437586831, 246)
(1437586832, 256)
(1437586833, 253)
(1437586834, 338)
(1437586835, 316)
(1437586836, 334)
(1437586837, 324)
(1437586838, 267)
(1437586839, 297)
(1437586840, 256)
(1437586841, 262)
(1437586842, 304)
(1437586843, 370)
(1437586844, 411)
(1437586845, 320)
(1437586846, 255)
(1437586847, 280)
(1437586848, 336)
(1437586849, 350)
(1437586850, 313)
(1437586851, 303)
(1437586852, 269)
(1437586853, 367)
(1437586854, 303)
(1437586855, 327)
(1437586856, 299)
(1437586857, 329)
(1437586858, 304)
(1437586859, 249)
(1437586860, 264)
(1437586861, 237)
(1437586862, 289)
(1437586863, 279)
(1437586864, 447)
(1437586865, 306)
(1437586866, 296)
(1437586867, 527)
(1437586868, 680)
(1437586869, 604)
(1437586870, 397)
(1437586871, 406)
(1437586872, 344)
(1437586873, 359)
(1437586874, 496)
(1437586875, 304)
(1437586876, 416)
(1437586877, 395)
(1437586878, 437)
(1437586879, 514)
(1437586880, 409)
(1437586881, 451)
(1437586882, 433)
(1437586883, 502)
(1437586884, 265)
(1437586885, 584)
(1437586886, 341)
(1437586887, 474)
(1437586888, 410)
(1437586889, 408)
(1437586890, 321)
(1437586891, 287)
(1437586892, 371)
(1437586893, 601)
(1437586894, 520)
(1437586895, 332)
(1437586896, 267)
(1437586897, 274)
(1437586898, 272)
(1437586899, 400)
(1437586900, 271)
(1437586901, 246)
(1437586902, 323)
(1437586903, 229)
(1437586904, 246)
(1437586905, 283)
(1437586906, 249)
(1437586907, 206)
(1437586908, 197)
(1437586909, 238)
(1437586910, 221)
(1437586911, 285)
(1437586912, 273)
(1437586913, 234)
(1437586914, 269)
(1437586915, 280)
(1437586916, 248)
(1437586917, 281)
(1437586918, 255)
(1437586919, 350)
(1437586920, 300)
(1437586921, 260)
(1437586922, 301)
(1437586923, 318)
(1437586924, 272)
(1437586925, 238)
(1437586926, 276)
(1437586927, 239)
(1437586928, 298)
(1437586929, 280)
(1437586930, 237)
(1437586931, 260)
(1437586932, 259)
(1437586933, 300)
(1437586934, 262)
(1437586935, 306)
(1437586936, 250)
(1437586937, 283)
(1437586938, 267)
(1437586939, 378)
(1437586940, 310)
(1437586941, 304)
(1437586942, 252)
(1437586943, 307)
(1437586944, 351)
(1437586945, 259)
(1437586946, 275)
(1437586947, 315)
(1437586948, 385)
(1437586949, 558)
(1437586950, 427)
(1437586951, 435)
(1437586952, 393)
(1437586953, 473)
(1437586954, 466)
(1437586955, 443)
(1437586956, 534)
(1437586957, 334)
(1437586958, 424)
(1437586959, 476)
(1437586960, 411)
(1437586961, 316)
(1437586962, 429)
(1437586963, 516)
(1437586964, 646)
(1437586965, 457)
(1437586966, 470)
(1437586967, 459)
(1437586968, 548)
(1437586969, 884)
(1437586970, 364)
(1437586971, 317)
(1437586972, 270)
(1437586973, 291)
(1437586974, 281)
(1437586975, 406)
(1437586976, 435)
(1437586977, 440)
(1437586978, 413)
(1437586979, 370)
(1437586980, 295)
(1437586981, 253)
(1437586982, 319)
(1437586983, 320)
(1437586984, 320)
(1437586985, 324)
(1437586986, 390)
(1437586987, 288)
(1437586988, 310)
(1437586989, 323)
(1437586990, 299)
(1437586991, 278)
(1437586992, 299)
(1437586993, 321)
(1437586994, 365)
(1437586995, 314)
(1437586996, 304)
(1437586997, 368)
(1437586998, 344)
(1437586999, 329)
(1437587000, 292)
(1437587001, 321)
(1437587002, 318)
(1437587003, 337)
(1437587004, 303)
(1437587005, 265)
(1437587006, 245)
(1437587007, 253)
(1437587008, 274)
(1437587009, 345)
(1437587010, 446)
(1437587011, 260)
(1437587012, 351)
(1437587013, 341)
(1437587014, 308)
(1437587015, 367)
(1437587016, 418)
(1437587017, 341)
(1437587018, 291)
(1437587019, 401)
(1437587020, 283)
(1437587021, 397)
(1437587022, 284)
(1437587023, 278)
(1437587024, 285)
(1437587025, 281)
(1437587026, 305)
(1437587027, 292)
(1437587028, 288)
(1437587029, 285)
(1437587030, 249)
(1437587031, 235)
(1437587032, 295)
(1437587033, 508)
(1437587034, 302)
(1437587035, 284)
(1437587036, 268)
(1437587037, 261)
(1437587038, 282)
(1437587039, 318)
(1437587040, 330)
(1437587041, 289)
(1437587042, 240)
(1437587043, 271)
(1437587044, 233)
(1437587045, 275)
(1437587046, 242)
(1437587047, 376)
(1437587048, 265)
(1437587049, 287)
(1437587050, 362)
(1437587051, 302)
(1437587052, 360)
(1437587053, 317)
(1437587054, 325)
(1437587055, 250)
(1437587056, 313)
(1437587057, 294)
(1437587058, 296)
(1437587059, 321)
(1437587060, 295)
(1437587061, 367)
(1437587062, 373)
(1437587063, 299)
(1437587064, 299)
(1437587065, 280)
(1437587066, 383)
(1437587067, 333)
(1437587068, 342)
(1437587069, 288)
(1437587070, 284)
(1437587071, 256)
(1437587072, 232)
(1437587073, 232)
(1437587074, 289)
(1437587075, 277)
(1437587076, 279)
(1437587077, 245)
(1437587078, 241)
(1437587079, 295)
(1437587080, 354)
(1437587081, 253)
(1437587082, 291)
(1437587083, 226)
(1437587084, 253)
(1437587085, 231)
(1437587086, 266)
(1437587087, 246)
(1437587088, 272)
(1437587089, 233)
(1437587090, 239)
(1437587091, 250)
(1437587092, 276)
(1437587093, 249)
(1437587094, 327)
(1437587095, 332)
(1437587096, 255)
(1437587097, 235)
(1437587098, 259)
(1437587099, 332)
(1437587100, 268)
(1437587101, 270)
(1437587102, 299)
(1437587103, 341)
(1437587104, 359)
(1437587105, 309)
(1437587106, 288)
(1437587107, 317)
(1437587108, 385)
(1437587109, 261)
(1437587110, 231)
(1437587111, 282)
(1437587112, 256)
(1437587113, 245)
(1437587114, 264)
(1437587115, 269)
(1437587116, 328)
(1437587117, 306)
(1437587118, 302)
(1437587119, 232)
(1437587120, 316)
(1437587121, 260)
(1437587122, 382)
(1437587123, 466)
(1437587124, 288)
(1437587125, 309)
(1437587126, 341)
(1437587127, 291)
(1437587128, 7)
(1437587979, 1)
(1437588021, 1)
(1437588023, 2)
(1437588027, 3)
(1437588028, 220)
(1437588029, 201)
(1437588030, 224)
(1437588031, 230)
(1437588032, 182)
(1437588033, 203)
(1437588034, 181)
(1437588035, 228)
(1437588036, 195)
(1437588037, 245)
(1437588038, 192)
(1437588039, 209)
(1437588040, 197)
(1437588041, 188)
(1437588042, 178)
(1437588043, 217)
(1437588044, 246)
(1437588045, 348)
(1437588046, 256)
(1437588047, 235)
(1437588048, 240)
(1437588049, 236)
(1437588050, 288)
(1437588051, 281)
(1437588052, 381)
(1437588053, 304)
(1437588054, 218)
(1437588055, 205)
(1437588056, 214)
(1437588057, 225)
(1437588058, 243)
(1437588059, 256)
(1437588060, 222)
(1437588061, 204)
(1437588062, 247)
(1437588063, 260)
(1437588064, 248)
(1437588065, 236)
(1437588066, 248)
(1437588067, 250)
(1437588068, 253)
(1437588069, 286)
(1437588070, 228)
(1437588071, 193)
(1437588072, 219)
(1437588073, 218)
(1437588074, 234)
(1437588075, 218)
(1437588076, 222)
(1437588077, 213)
(1437588078, 206)
(1437588079, 228)
(1437588080, 190)
(1437588081, 187)
(1437588082, 213)
(1437588083, 249)
(1437588084, 288)
(1437588085, 260)
(1437588086, 273)
(1437588087, 197)
(1437588088, 190)
(1437588089, 219)
(1437588090, 182)
(1437588091, 187)
(1437588092, 219)
(1437588093, 234)
(1437588094, 326)
(1437588095, 220)
(1437588096, 212)
(1437588097, 263)
(1437588098, 374)
(1437588099, 352)
(1437588100, 339)
(1437588101, 343)
(1437588102, 276)
(1437588103, 238)
(1437588104, 212)
(1437588105, 198)
(1437588106, 259)
(1437588107, 219)
(1437588108, 256)
(1437588109, 224)
(1437588110, 233)
(1437588111, 260)
(1437588112, 297)
(1437588113, 235)
(1437588114, 233)
(1437588115, 239)
(1437588116, 263)
(1437588117, 241)
(1437588118, 221)
(1437588119, 222)
(1437588120, 225)
(1437588121, 309)
(1437588122, 304)
(1437588123, 301)
(1437588124, 214)
(1437588125, 293)
(1437588126, 298)
(1437588127, 265)
(1437588128, 216)
(1437588129, 204)
(1437588130, 218)
(1437588131, 286)
(1437588132, 266)
(1437588133, 286)
(1437588134, 283)
(1437588135, 265)
(1437588136, 264)
(1437588137, 252)
(1437588138, 267)
(1437588139, 234)
(1437588140, 208)
(1437588141, 239)
(1437588142, 227)
(1437588143, 255)
(1437588144, 242)
(1437588145, 239)
(1437588146, 317)
(1437588147, 377)
(1437588148, 327)
(1437588149, 245)
(1437588150, 355)
(1437588151, 226)
(1437588152, 201)
(1437588153, 236)
(1437588154, 228)
(1437588155, 288)
(1437588156, 445)
(1437588157, 443)
(1437588158, 387)
(1437588159, 296)
(1437588160, 246)
(1437588161, 293)
(1437588162, 330)
(1437588163, 227)
(1437588164, 195)
(1437588165, 269)
(1437588166, 187)
(1437588167, 210)
(1437588168, 252)
(1437588169, 299)
(1437588170, 241)
(1437588171, 243)
(1437588172, 200)
(1437588173, 235)
(1437588174, 266)
(1437588175, 242)
(1437588176, 274)
(1437588177, 234)
(1437588178, 197)
(1437588179, 236)
(1437588180, 205)
(1437588181, 248)
(1437588182, 216)
(1437588183, 240)
(1437588184, 304)
(1437588185, 201)
(1437588186, 248)
(1437588187, 261)
(1437588188, 230)
(1437588189, 261)
(1437588190, 312)
(1437588191, 285)
(1437588192, 274)
(1437588193, 254)
(1437588194, 268)
(1437588195, 358)
(1437588196, 315)
(1437588197, 280)
(1437588198, 211)
(1437588199, 303)
(1437588200, 274)
(1437588201, 188)
(1437588202, 252)
(1437588203, 236)
(1437588204, 250)
(1437588205, 323)
(1437588206, 272)
(1437588207, 308)
(1437588208, 416)
(1437588209, 404)
(1437588210, 346)
(1437588211, 280)
(1437588212, 255)
(1437588213, 293)
(1437588214, 398)
(1437588215, 375)
(1437588216, 378)
(1437588217, 411)
(1437588218, 374)
(1437588219, 319)
(1437588220, 364)
(1437588221, 285)
(1437588222, 320)
(1437588223, 287)
(1437588224, 462)
(1437588225, 353)
(1437588226, 467)
(1437588227, 377)
(1437588228, 360)
(1437588229, 338)
(1437588230, 340)
(1437588231, 285)
(1437588232, 251)
(1437588233, 330)
(1437588234, 418)
(1437588235, 299)
(1437588236, 287)
(1437588237, 252)
(1437588238, 235)
(1437588239, 311)
(1437588240, 249)
(1437588241, 261)
(1437588242, 301)
(1437588243, 336)
(1437588244, 248)
(1437588245, 203)
(1437588246, 243)
(1437588247, 254)
(1437588248, 227)
(1437588249, 216)
(1437588250, 276)
(1437588251, 247)
(1437588252, 226)
(1437588253, 184)
(1437588254, 311)
(1437588255, 236)
(1437588256, 269)
(1437588257, 211)
(1437588258, 282)
(1437588259, 301)
(1437588260, 253)
(1437588261, 263)
(1437588262, 242)
(1437588263, 225)
(1437588264, 248)
(1437588265, 249)
(1437588266, 206)
(1437588267, 291)
(1437588268, 272)
(1437588269, 279)
(1437588270, 277)
(1437588271, 239)
(1437588272, 234)
(1437588273, 247)
(1437588274, 179)
(1437588275, 232)
(1437588276, 312)
(1437588277, 244)
(1437588278, 261)
(1437588279, 235)
(1437588280, 269)
(1437588281, 263)
(1437588282, 271)
(1437588283, 318)
(1437588284, 263)
(1437588285, 284)
(1437588286, 244)
(1437588287, 258)
(1437588288, 303)
(1437588289, 391)
(1437588290, 383)
(1437588291, 320)
(1437588292, 272)
(1437588293, 324)
(1437588294, 323)
(1437588295, 400)
(1437588296, 392)
(1437588297, 344)
(1437588298, 331)
(1437588299, 318)
(1437588300, 367)
(1437588301, 338)
(1437588302, 237)
(1437588303, 245)
(1437588304, 217)
(1437588305, 227)
(1437588306, 237)
(1437588307, 274)
(1437588308, 198)
(1437588309, 237)
(1437588310, 272)
(1437588311, 331)
(1437588312, 270)
(1437588313, 222)
(1437588314, 249)
(1437588315, 294)
(1437588316, 398)
(1437588317, 394)
(1437588318, 372)
(1437588319, 360)
(1437588320, 323)
(1437588321, 539)
(1437588322, 392)
(1437588323, 257)
(1437588324, 269)
(1437588325, 308)
(1437588326, 274)
(1437588327, 235)
(1437588328, 11)
(1437593123, 1)
(1437593125, 1)
(1437593139, 1)
(1437593140, 2)
(1437593154, 4)
(1437593162, 1)
(1437593165, 1)
(1437593170, 1)
(1437593178, 1)
(1437593184, 2)
(1437593192, 1)
(1437593197, 3)
(1437593205, 1)
(1437593208, 1)
(1437593219, 1)
(1437593227, 2)
(1437593235, 2)
(1437593243, 3)
(1437593251, 2)
(1437593253, 1)
(1437593262, 1)
(1437593264, 1)
(1437593266, 3)
(1437593270, 3)
(1437593272, 1)
(1437593274, 1)
(1437593278, 3)
(1437593280, 1)
(1437593282, 2)
(1437593285, 5)
(1437593289, 1)
(1437593291, 3)
(1437593293, 1)
(1437593295, 1)
(1437593297, 1)
(1437593299, 1)
(1437593300, 4)
(1437593304, 2)
(1437593307, 1)
(1437593308, 3)
(1437593312, 1)
(1437593320, 1)
(1437593326, 3)
(1437593331, 1)
(1437593339, 1)
(1437593342, 1)
(1437593347, 2)
(1437593355, 1)
(1437593363, 2)
(1437593371, 1)
(1437593377, 1)
(1437593379, 1)
(1437593382, 1)
(1437593385, 1)
(1437593390, 2)
(1437593398, 2)
(1437593406, 1)
(1437593414, 1)
(1437593417, 1)
(1437593422, 1)
(1437599127, 2)
(1437599128, 113)
(1437599129, 127)
(1437599130, 121)
(1437599131, 150)
(1437599132, 117)
(1437599133, 152)
(1437599134, 143)
(1437599135, 108)
(1437599136, 96)
(1437599137, 85)
(1437599138, 178)
(1437599139, 111)
(1437599140, 138)
(1437599141, 121)
(1437599142, 89)
(1437599143, 89)
(1437599144, 170)
(1437599145, 143)
(1437599146, 118)
(1437599147, 85)
(1437599148, 105)
(1437599149, 108)
(1437599150, 165)
(1437599151, 151)
(1437599152, 130)
(1437599153, 139)
(1437599154, 114)
(1437599155, 110)
(1437599156, 163)
(1437599157, 104)
(1437599158, 159)
(1437599159, 131)
(1437599160, 116)
(1437599161, 112)
(1437599162, 124)
(1437599163, 114)
(1437599164, 96)
(1437599165, 122)
(1437599166, 95)
(1437599167, 120)
(1437599168, 111)
(1437599169, 99)
(1437599170, 101)
(1437599171, 110)
(1437599172, 159)
(1437599173, 94)
(1437599174, 129)
(1437599175, 109)
(1437599176, 151)
(1437599177, 111)
(1437599178, 123)
(1437599179, 239)
(1437599180, 307)
(1437599181, 117)
(1437599182, 143)
(1437599183, 93)
(1437599184, 105)
(1437599185, 105)
(1437599186, 116)
(1437599187, 124)
(1437599188, 100)
(1437599189, 84)
(1437599190, 75)
(1437599191, 93)
(1437599192, 121)
(1437599193, 84)
(1437599194, 126)
(1437599195, 72)
(1437599196, 72)
(1437599197, 110)
(1437599198, 104)
(1437599199, 96)
(1437599200, 55)
(1437599201, 105)
(1437599202, 94)
(1437599203, 121)
(1437599204, 77)
(1437599205, 63)
(1437599206, 74)
(1437599207, 84)
(1437599208, 97)
(1437599209, 78)
(1437599210, 41)
(1437599211, 62)
(1437599212, 45)
(1437599213, 66)
(1437599214, 64)
(1437599215, 72)
(1437599216, 76)
(1437599217, 53)
(1437599218, 63)
(1437599219, 56)
(1437599220, 84)
(1437599221, 67)
(1437599222, 64)
(1437599223, 64)
(1437599224, 66)
(1437599225, 61)
(1437599226, 67)
(1437599227, 63)
(1437599228, 60)
(1437599229, 47)
(1437599230, 63)
(1437599231, 71)
(1437599232, 64)
(1437599233, 56)
(1437599234, 63)
(1437599235, 54)
(1437599236, 42)
(1437599237, 52)
(1437599238, 34)
(1437599239, 47)
(1437599240, 41)
(1437599241, 77)
(1437599242, 58)
(1437599243, 44)
(1437599244, 43)
(1437599245, 51)
(1437599246, 55)
(1437599247, 46)
(1437599248, 48)
(1437599249, 60)
(1437599250, 40)
(1437599251, 64)
(1437599252, 45)
(1437599253, 64)
(1437599254, 47)
(1437599255, 64)
(1437599256, 36)
(1437599257, 30)
(1437599258, 37)
(1437599259, 47)
(1437599260, 41)
(1437599261, 48)
(1437599262, 54)
(1437599263, 67)
(1437599264, 81)
(1437599265, 71)
(1437599266, 60)
(1437599267, 49)
(1437599268, 53)
(1437599269, 59)
(1437599270, 65)
(1437599271, 49)
(1437599272, 49)
(1437599273, 54)
(1437599274, 68)
(1437599275, 55)
(1437599276, 49)
(1437599277, 47)
(1437599278, 48)
(1437599279, 47)
(1437599280, 70)
(1437599281, 129)
(1437599282, 90)
(1437599283, 82)
(1437599284, 89)
(1437599285, 85)
(1437599286, 68)
(1437599287, 88)
(1437599288, 74)
(1437599289, 97)
(1437599290, 67)
(1437599291, 97)
(1437599292, 90)
(1437599293, 76)
(1437599294, 78)
(1437599295, 81)
(1437599296, 95)
(1437599297, 79)
(1437599298, 75)
(1437599299, 73)
(1437599300, 82)
(1437599301, 81)
(1437599302, 59)
(1437599303, 95)
(1437599304, 90)
(1437599305, 84)
(1437599306, 85)
(1437599307, 99)
(1437599308, 102)
(1437599309, 87)
(1437599310, 88)
(1437599311, 95)
(1437599312, 110)
(1437599313, 89)
(1437599314, 117)
(1437599315, 84)
(1437599316, 91)
(1437599317, 79)
(1437599318, 78)
(1437599319, 88)
(1437599320, 103)
(1437599321, 95)
(1437599322, 67)
(1437599323, 98)
(1437599324, 107)
(1437599325, 109)
(1437599326, 124)
(1437599327, 99)
(1437599328, 78)
(1437599329, 101)
(1437599330, 82)
(1437599331, 81)
(1437599332, 81)
(1437599333, 88)
(1437599334, 67)
(1437599335, 53)
(1437599336, 57)
(1437599337, 70)
(1437599338, 69)
(1437599339, 68)
(1437599340, 76)
(1437599341, 82)
(1437599342, 87)
(1437599343, 80)
(1437599344, 93)
(1437599345, 121)
(1437599346, 77)
(1437599347, 88)
(1437599348, 79)
(1437599349, 105)
(1437599350, 91)
(1437599351, 83)
(1437599352, 97)
(1437599353, 92)
(1437599354, 97)
(1437599355, 93)
(1437599356, 89)
(1437599357, 69)
(1437599358, 71)
(1437599359, 77)
(1437599360, 75)
(1437599361, 93)
(1437599362, 91)
(1437599363, 151)
(1437599364, 64)
(1437599365, 72)
(1437599366, 81)
(1437599367, 71)
(1437599368, 96)
(1437599369, 85)
(1437599370, 86)
(1437599371, 76)
(1437599372, 75)
(1437599373, 91)
(1437599374, 80)
(1437599375, 74)
(1437599376, 69)
(1437599377, 96)
(1437599378, 97)
(1437599379, 142)
(1437599380, 89)
(1437599381, 49)
(1437599382, 95)
(1437599383, 103)
(1437599384, 97)
(1437599385, 80)
(1437599386, 85)
(1437599387, 78)
(1437599388, 72)
(1437599389, 80)
(1437599390, 74)
(1437599391, 59)
(1437599392, 73)
(1437599393, 72)
(1437599394, 73)
(1437599395, 68)
(1437599396, 61)
(1437599397, 99)
(1437599398, 65)
(1437599399, 77)
(1437599400, 67)
(1437599401, 78)
(1437599402, 93)
(1437599403, 78)
(1437599404, 93)
(1437599405, 80)
(1437599406, 61)
(1437599407, 88)
(1437599408, 79)
(1437599409, 81)
(1437599410, 74)
(1437599411, 80)
(1437599412, 82)
(1437599413, 101)
(1437599414, 87)
(1437599415, 83)
(1437599416, 77)
(1437599417, 166)
(1437599418, 122)
(1437599419, 100)
(1437599420, 107)
(1437599421, 73)
(1437599422, 74)
(1437599423, 72)
(1437599424, 99)
(1437599425, 69)
(1437599426, 98)
(1437599427, 103)
